address_id,user_id,address_line1,address_line2,city,state_province,postal_code,country,address_type,is_default,phone_number,latitude,longitude,resident_name,created_at,updated_at
1,1,2548 Washington Rd,Floor 23,Clinton,NE,68878,US,Shipping,True,+19494333632,41.911499,-90.167955,Olga Anderson,2024-05-22T03:43:47Z,2024-07-05T03:43:47Z
2,1,6202 Maple Pl,#907,Clinton,NE,68878,US,Office,True,+19494333632,41.85747,-90.147786,Olga Anderson,2023-04-28T03:43:47Z,2025-03-05T03:43:47Z
3,2,6573 Hill Ave,#898,Chester,LA,38785,US,Home,True,+17029070354,39.893183,-75.413175,David Robinson,2025-01-19T11:10:23Z,2025-08-09T11:10:23Z
4,2,2288 Lake Pl,,Chester,LA,38785,US,Shipping,True,+17029070354,39.835287,-75.338993,Sarah Schmidt,2024-11-10T11:10:23Z,2025-03-02T11:10:23Z
5,3,7434 Main Ln,,Seattle,WA,99353,US,Shipping,True,+19178298819,47.658592,-122.330564,Michael Anderson,2021-12-25T02:24:24Z,2025-06-27T02:24:24Z
6,4,3471 Broadway Dr,,Chester,WI,26483,US,Home,True,+13127534391,39.829398,-75.321363,Elena Sanchez,2025-06-06T00:38:20Z,2025-09-26T00:38:20Z
7,4,1050 River St,,Clinton,WI,17716,US,Shipping,True,+13127534391,41.743438,-90.147132,Kevin Martinez,2025-05-19T00:38:20Z,2025-06-05T00:38:20Z
8,5,7580 Lake Ave,,Salem,AR,54473,US,Shipping,True,+15033395118,45.01517,-123.025035,Mary Lopez,2021-08-08T15:15:50Z,2025-04-04T15:15:50Z
9,7,1344 Market Cir,,Riverside,ID,87992,US,Shipping,True,+12137664093,33.916574,-117.444047,Donna Ramirez,2024-04-28T10:03:03Z,2025-03-15T10:03:03Z
10,8,2201 Hill Ave,,Fairview,MD,95717,US,Shipping,True,+18582065624,40.861083,-74.07111,Chen Hill,2016-09-07T14:39:36Z,2023-06-20T14:39:36Z
11,8,4326 Sunset Ct,Apt 95,Fairview,MD,95717,US,Home,True,+14048217895,40.87847,-74.093383,Chen Hill,2016-12-22T14:39:36Z,2025-08-15T14:39:36Z
12,8,7008 Broadway St,Suite 559,Georgetown,MD,26704,US,Billing,True,+12129540726,38.226302,-84.629681,Chen Hill,2015-05-04T14:39:36Z,2018-10-17T14:39:36Z
13,9,5729 Park Dr,Suite 409,Edmonton,AB,N7K 5H1,CA,Home,True,+19059316265,53.511752,-113.420929,Amanda Clark,2025-02-09T13:39:47Z,2025-08-07T13:39:47Z
14,10,5410 Jefferson Rd,,Salem,VA,10221,US,Shipping,True,+18589764287,44.867825,-122.955091,Carlos Nelson,2019-11-05T18:16:02Z,2023-04-24T18:16:02Z
15,11,3849 Madison Ln,Suite 151,Chester,IN,72021,US,Home,True,+14047526840,39.754485,-75.406731,Donna Taylor,2024-01-21T05:39:36Z,2025-10-07T05:39:36Z
16,12,7778 Highland Ln,,Fairview,OK,51588,US,Shipping,True,+18057139300,40.880573,-74.046738,Rebecca Harris,2021-01-05T20:44:00Z,2023-12-08T20:44:00Z
17,13,6866 Broadway Pl,,Fairview,WY,12560,US,Home,True,+19495190867,40.892162,-74.004554,Jeffrey Martinez,2025-03-15T17:05:08Z,2025-10-24T17:05:08Z
18,13,6625 Jackson Blvd,,Fairview,WY,12560,US,Home,False,+19495190867,40.908744,-73.995375,Jeffrey Martinez,2025-04-15T17:05:08Z,2025-09-13T17:05:08Z
19,14,334 Jefferson Blvd,Floor 8,Clinton,MN,95215,US,Shipping,True,+12138553457,41.854794,-90.245107,Chen Singh,2020-09-07T10:13:29Z,2024-12-25T10:13:29Z
20,14,1877 Wilson Blvd,,Springfield,MN,59192,US,Office,True,+12138553457,39.867477,-89.634941,Chen Singh,2021-06-22T10:13:29Z,2025-06-25T10:13:29Z
21,14,3979 Cedar Ln,,Clinton,MN,95215,US,Home,True,+12138553457,41.766211,-90.091931,Chen Singh,2019-06-25T10:13:29Z,2023-05-17T10:13:29Z
22,15,7614 Lincoln Cir,,Bellevue,WA,45179,US,Shipping,True,+17029144687,47.577379,-122.202639,William Müller,2018-01-02T13:23:40Z,2020-01-16T13:23:40Z
23,15,4582 Jefferson Ln,,Bellevue,WA,45179,US,Shipping,False,+17029144687,47.548311,-122.253229,William Müller,2018-06-18T13:23:40Z,2023-12-10T13:23:40Z
24,15,8042 Highland St,Suite 415,Bellevue,WA,45179,US,Billing,True,+17029144687,47.571341,-122.185189,William Müller,2018-11-02T13:23:40Z,2025-01-16T13:23:40Z
25,16,5913 Elm Ln,#130,Bristol,WV,46241,US,Shipping,True,+19498377086,41.626662,-72.854441,Ahmed Nelson,2020-09-08T03:46:12Z,2022-04-29T03:46:12Z
26,16,8043 Cedar St,,Bristol,WV,46241,US,Office,True,+17186125069,41.659894,-73.012427,Kathleen Anderson,2017-11-15T03:46:12Z,2020-09-14T03:46:12Z
27,17,3405 Franklin Dr,Apt 161,Madison,NH,87139,US,Shipping,True,+17864561715,43.021073,-89.390802,Elizabeth Miller,2016-10-30T07:07:35Z,2016-11-09T07:07:35Z
28,17,535 Lake Ln,,Madison,NH,87139,US,Billing,True,+14155566324,43.063906,-89.363723,Elizabeth Miller,2017-06-08T07:07:35Z,2024-06-11T07:07:35Z
29,17,3684 Franklin Blvd,,Madison,NH,87139,US,Shipping,False,+17864561715,42.987382,-89.468015,Elizabeth Miller,2017-09-04T07:07:35Z,2024-05-07T07:07:35Z
30,18,4558 Elm Cir,,Fairview,OR,12719,US,Home,True,+15126833910,40.875449,-73.908389,Andrew Khan,2025-09-26T08:32:34Z,2025-11-09T08:32:34Z
31,19,8999 Pine Ln,,Springfield,NE,34586,US,Shipping,True,+18585034825,39.82135,-89.725815,Susan Lee,2025-09-06T12:52:48Z,2025-12-05T12:52:48Z
32,19,1528 Lake Ave,,Franklin,NE,76698,US,Billing,True,+15035831802,35.924775,-86.825579,Susan Lee,2025-09-10T12:52:48Z,2025-11-02T12:52:48Z
33,20,6731 Oak Rd,,Chester,NU,V6N 9Y6,CA,Shipping,True,+16479825331,39.890646,-75.293418,Ahmed Jackson,2024-12-16T02:17:49Z,2025-11-20T02:17:49Z
34,20,607 Pine Pl,,Chester,NU,V6N 9Y6,CA,Shipping,False,+16479825331,39.769673,-75.286692,Mary Jackson,2024-10-04T02:17:49Z,2025-06-30T02:17:49Z
35,21,7111 Cedar Ave,,Bristol,VA,80912,US,Home,True,+12127179625,41.7106,-72.868615,Lin Martin,2022-02-12T22:25:41Z,2023-12-08T22:25:41Z
36,21,2386 Lake Pl,,Bristol,VA,80912,US,Billing,True,+12127179625,41.607811,-73.014286,Lin Martin,2023-09-12T22:25:41Z,2024-10-07T22:25:41Z
37,21,2345 Lake Ct,,Bristol,VA,80912,US,Office,True,+12127179625,41.705168,-72.869518,Lin Martin,2023-04-17T22:25:41Z,2025-10-25T22:25:41Z
38,22,804 Jefferson Ct,,Madison,OR,48696,US,Home,True,+12018962859,43.153687,-89.346052,Elizabeth Khan,2025-10-29T13:44:16Z,2025-12-06T13:44:16Z
39,22,4107 Madison Blvd,,Madison,OR,48696,US,Shipping,True,+12018962859,43.102368,-89.439413,Elizabeth Khan,2025-11-12T13:44:16Z,2025-11-14T13:44:16Z
40,23,7452 Spring Ln,,San Francisco,CA,39571,US,Shipping,True,+17189094618,37.839383,-122.331342,Barbara Nguyen,2023-12-21T17:56:23Z,2025-11-11T17:56:23Z
41,24,8018 Jefferson Way,,Georgetown,NJ,97881,US,Home,True,+19175515890,38.165748,-84.521244,Sofia Adams,2024-07-17T14:58:44Z,2025-10-14T14:58:44Z
42,24,6019 Broadway Rd,Unit 195,Georgetown,NJ,97881,US,Billing,True,+19175515890,38.299602,-84.494462,Sofia Adams,2024-05-13T14:58:44Z,2024-12-16T14:58:44Z
43,24,5465 Lake Blvd,,Chester,NJ,40539,US,Shipping,True,+12014325949,39.791031,-75.41251,Sofia Adams,2024-09-12T14:58:44Z,2025-10-13T14:58:44Z
44,25,511 Oak Ct,,Winston-Salem,NC,24293,US,Home,True,+18056226505,36.085155,-80.322608,Charles Taylor,2025-03-19T00:08:00Z,2025-11-01T00:08:00Z
45,26,6993 River Ln,Suite 704,Salem,IN,69186,US,Shipping,True,+15035471319,45.027497,-123.121673,Elena Jackson,2023-06-25T22:20:24Z,2023-09-20T22:20:24Z
46,27,9407 Lake Way,,Madison,PE,P2X 4G7,CA,Home,True,+14039107456,43.168009,-89.337515,Melissa Taylor,2022-02-19T21:07:26Z,2025-12-02T21:07:26Z
47,28,7260 Madison Way,,Tacoma,WA,84395,US,Shipping,True,+19722712671,47.241309,-122.489667,Paul Brown,2021-10-22T00:11:55Z,2022-06-12T00:11:55Z
48,29,1276 River Cir,,Winston-Salem,NC,97562,US,Shipping,True,+14048721977,36.080785,-80.216172,Mei Ivanov,2022-07-13T01:00:13Z,2023-03-05T01:00:13Z
49,30,1235 Elm Ct,,Naperville,IL,56019,US,Shipping,True,+13123981966,41.763547,-88.137606,Aisha Zhang,2024-12-03T03:15:27Z,2025-10-20T03:15:27Z
50,31,7382 Cedar Rd,,Springfield,OK,68947,US,Home,True,+18586385128,39.698566,-89.620875,Jacob Khan,2019-03-02T16:04:19Z,2021-12-10T16:04:19Z
51,31,5963 Spring Ln,Unit 696,Springfield,OK,68947,US,Home,False,+19497468008,39.839545,-89.620639,Jacob Khan,2019-04-25T16:04:19Z,2023-01-04T16:04:19Z
52,32,2954 Washington Rd,,Grand Rapids,MI,97833,US,Shipping,True,+13056258809,42.960654,-85.722791,Andrew Allen,2024-11-20T04:21:05Z,2025-02-07T04:21:05Z
53,34,7874 Spring Pl,,Salem,ME,75916,US,Shipping,True,+18585511981,44.98518,-123.031918,Jeffrey Torres,2018-05-19T09:51:50Z,2021-07-29T09:51:50Z
54,35,87 Maple St,Suite 562,Georgetown,TN,29142,US,Shipping,True,+13122321310,38.297845,-84.537524,Laura Schmidt,2024-10-01T14:56:22Z,2024-11-26T14:56:22Z
55,35,3907 Market Cir,,Bristol,TN,77551,US,Shipping,False,+13122321310,41.691148,-73.046013,Laura Schmidt,2024-12-18T14:56:22Z,2025-04-20T14:56:22Z
56,36,1699 Wilson Cir,,Springfield,NM,93318,US,Shipping,True,+17185131487,39.748204,-89.741233,James Rivera,2019-01-08T16:23:04Z,2022-10-25T16:23:04Z
57,36,7613 Adams Ct,,Springfield,NM,93318,US,Home,True,+17185131487,39.69432,-89.594862,James Rivera,2018-07-11T16:23:04Z,2018-12-09T16:23:04Z
58,37,8508 Hill Ave,,Georgetown,DE,67272,US,Shipping,True,+17188235316,38.125585,-84.538809,Betty Garcia,2021-04-27T08:02:48Z,2024-05-18T08:02:48Z
59,38,6002 Spring Way,,Franklin,WV,14081,US,Shipping,True,+13129119154,35.831577,-86.938212,Dorothy Nguyen,2023-12-30T14:22:28Z,2025-01-12T14:22:28Z
60,39,7293 Maple Rd,,Clinton,NH,90199,US,Shipping,True,+16177821531,41.883908,-90.178701,Ana Moore,2019-06-05T03:01:47Z,2022-10-15T03:01:47Z
61,39,2853 Spring Pl,Suite 812,Bristol,NH,58353,US,Office,True,+16177821531,41.577057,-72.938496,Thomas Lopez,2020-06-02T03:01:47Z,2024-12-03T03:01:47Z
62,39,7843 Sunset Way,,Clinton,NH,90199,US,Billing,True,+16177821531,41.75675,-90.094224,Ana Moore,2021-05-26T03:01:47Z,2021-10-24T03:01:47Z
63,40,2763 Lincoln Cir,#738,Aurora,CO,35729,US,Shipping,True,+19174302262,39.8098,-104.864376,Brian Taylor,2020-03-14T04:27:32Z,2020-08-29T04:27:32Z
64,40,9450 Hill Dr,,Aurora,CO,35729,US,Shipping,False,+18184054184,39.757198,-104.832292,Brian Taylor,2020-07-22T04:27:32Z,2023-08-13T04:27:32Z
65,41,6294 Jefferson Way,Suite 834,Salem,NS,G6X 9E5,CA,Shipping,True,+14035913055,44.908387,-123.019563,Stephanie Hill,2021-05-31T15:29:13Z,2022-06-23T15:29:13Z
66,42,1205 Church Pl,,Georgetown,KY,62855,US,Shipping,True,+17132379520,38.219771,-84.494238,Ronald Mitchell,2025-08-22T12:32:29Z,2025-09-07T12:32:29Z
67,43,6036 River Ave,,Madison,SC,87820,US,Home,True,+17026255666,43.08984,-89.341849,Carol Campbell,2022-08-22T01:02:02Z,2022-10-15T01:02:02Z
68,44,8610 Church Rd,,Fairview,WY,71814,US,Home,True,+15127117693,40.804533,-73.995575,Lin Robinson,2023-08-02T23:39:49Z,2024-07-29T23:39:49Z
69,45,7850 Washington Dr,,Georgetown,MT,29198,US,Home,True,+16172352879,38.164027,-84.546896,Kathleen Harris,2025-08-26T09:49:18Z,2025-09-12T09:49:18Z
70,45,832 Madison Pl,Suite 54,Georgetown,MT,28018,US,Shipping,True,+16172352879,38.253272,-84.639191,Christopher Wang,2025-07-23T09:49:18Z,2025-12-10T09:49:18Z
71,45,7794 Forest Dr,,Madison,MT,21725,US,Office,True,+16172352879,43.10228,-89.319613,Kathleen Harris,2025-10-04T09:49:18Z,2025-11-02T09:49:18Z
72,46,5418 Elm Ct,,Chester,TN,78723,US,Home,True,+18189459653,39.89332,-75.452883,Robert Thompson,2024-11-06T12:50:31Z,2025-12-15T12:50:31Z
73,47,2617 Church Pl,,Bellevue,WA,11498,US,Shipping,True,+17137155851,47.68766,-122.147532,Matthew Thompson,2022-09-17T10:05:25Z,2023-05-15T10:05:25Z
74,47,2189 Forest Blvd,,Bellevue,WA,11498,US,Shipping,False,+14158390941,47.584825,-122.161112,Matthew Thompson,2023-05-03T10:05:25Z,2024-08-27T10:05:25Z
75,48,9156 Highland Ln,,New York,NY,76895,US,Shipping,True,+18058783800,40.69199,-73.942709,Ashley Hernandez,2025-07-19T18:07:03Z,2025-09-12T18:07:03Z
76,49,57 Wilson St,,Chester,UT,27431,US,Home,True,+17132995167,39.842201,-75.311881,Brian Rodriguez,2025-08-14T15:02:18Z,2025-11-19T15:02:18Z
77,50,3840 Broadway Dr,,Springfield,RI,68515,US,Shipping,True,+19727637342,39.836913,-89.722073,Brian Martin,2023-09-29T01:51:42Z,2024-05-25T01:51:42Z
78,50,9797 Wilson Rd,Suite 677,Springfield,RI,68515,US,Shipping,False,+17866662813,39.764412,-89.695069,Brian Martin,2024-02-13T01:51:42Z,2025-10-10T01:51:42Z
79,51,3121 Oak Ln,#618,Hamilton,ON,S9X 3R3,CA,Shipping,True,+17803705712,43.16361,-79.956543,Amy Miller,2024-11-16T16:20:44Z,2025-09-12T16:20:44Z
80,51,5456 Park St,Suite 986,Hamilton,ON,S9X 3R3,CA,Billing,True,+17803705712,43.305076,-79.820234,Amy Miller,2024-02-25T16:20:44Z,2025-11-04T16:20:44Z
81,52,3769 Church Cir,,Franklin,IA,12125,US,Shipping,True,+15126641513,35.92496,-86.837978,Donald Adams,2020-12-02T09:16:23Z,2022-05-13T09:16:23Z
82,53,7917 Madison Ct,#565,Franklin,VA,11198,US,Home,True,+14156242395,35.907368,-86.965555,Chen Ivanov,2020-08-14T23:34:31Z,2022-02-27T23:34:31Z
83,53,7055 Elm Ave,,Franklin,VA,11198,US,Billing,True,+14156242395,35.873294,-86.844944,Chen Ivanov,2017-12-25T23:34:31Z,2021-12-15T23:34:31Z
84,54,9287 Forest Ln,Apt 701,Reno,NV,84167,US,Home,True,+17022131349,39.614717,-119.733938,Melissa Chen,2021-07-10T21:52:54Z,2025-03-18T21:52:54Z
85,54,9618 Pine Way,,Sparks,NV,61007,US,Office,True,+13059506052,39.482994,-119.68577,Melissa Chen,2022-02-27T21:52:54Z,2025-03-10T21:52:54Z
86,54,1285 Sunset Rd,Floor 5,Reno,NV,84167,US,Shipping,True,+13059506052,39.583401,-119.722828,Melissa Chen,2020-08-02T21:52:54Z,2024-12-03T21:52:54Z
87,55,1431 Elm Way,,Georgetown,MO,57277,US,Shipping,True,+13052767729,38.220748,-84.577691,Laura Ivanov,2017-03-24T21:37:42Z,2018-03-26T21:37:42Z
88,55,5316 Church St,Floor 6,Georgetown,MO,57277,US,Billing,True,+13052767729,38.221707,-84.460754,Laura Ivanov,2018-06-11T21:37:42Z,2024-11-08T21:37:42Z
89,56,9739 Pine Ln,Suite 491,Georgetown,MT,91289,US,Home,True,+17188745082,38.172637,-84.466385,Lisa Moore,2018-08-30T13:17:26Z,2021-12-05T13:17:26Z
90,56,3972 River Way,Floor 8,Georgetown,MT,91289,US,Office,True,+17188745082,38.14976,-84.459847,Lisa Moore,2017-11-18T13:17:26Z,2025-07-11T13:17:26Z
91,57,1792 Wilson Dr,,Akron,OH,64827,US,Home,True,+17028679270,41.052402,-81.4896,Chen Chen,2024-03-30T13:43:31Z,2025-10-27T13:43:31Z
92,57,173 Cedar Ln,#572,Akron,OH,64827,US,Billing,True,+19172308408,41.096447,-81.529844,Cynthia Clark,2024-09-24T13:43:31Z,2025-05-19T13:43:31Z
93,58,8455 Elm Pl,#437,Springfield,MD,25084,US,Home,True,+12019123438,39.873393,-89.703729,Wei Martin,2021-12-07T02:07:53Z,2025-06-18T02:07:53Z
94,58,479 Jackson Cir,,Springfield,MD,25084,US,Billing,True,+12019123438,39.767611,-89.74921,Wei Martin,2020-11-12T02:07:53Z,2022-01-07T02:07:53Z
95,58,9460 Cedar Pl,Unit 202,Springfield,MD,25084,US,Home,False,+12019123438,39.734171,-89.577573,Wei Martin,2022-08-15T02:07:53Z,2024-05-17T02:07:53Z
96,59,7974 Franklin Pl,,Franklin,DE,58929,US,Shipping,True,+13126285109,35.954152,-86.76892,Mei Anderson,2024-11-26T21:45:51Z,2025-02-19T21:45:51Z
97,59,7390 Jefferson St,,Franklin,DE,58929,US,Shipping,False,+13126285109,35.922022,-86.929874,Mei Anderson,2024-08-30T21:45:51Z,2025-06-13T21:45:51Z
98,60,3581 Market Ave,,Riverside,OR,45112,US,Shipping,True,+12135683185,33.984034,-117.446694,Gary Patel,2021-06-06T00:50:48Z,2023-12-14T00:50:48Z
99,60,1924 Wilson Dr,#706,Riverside,OR,45112,US,Office,True,+19178906196,33.995451,-117.369646,Gary Patel,2021-10-20T00:50:48Z,2025-04-03T00:50:48Z
100,61,1526 Church Pl,,Franklin,MB,K3N 4R7,CA,Shipping,True,+15146843796,35.964041,-86.793437,Anthony Davis,2019-06-09T10:45:18Z,2024-11-28T10:45:18Z
101,62,4490 Maple Rd,Unit 681,Springfield,YT,B2T 1E2,CA,Shipping,True,+16475829551,39.86246,-89.716995,Barbara Zhang,2024-06-23T17:25:13Z,2025-05-01T17:25:13Z
102,62,1495 Adams Ave,Floor 9,Springfield,YT,B2T 1E2,CA,Billing,True,+16475829551,39.785589,-89.661087,Barbara Zhang,2023-12-08T17:25:13Z,2025-11-19T17:25:13Z
103,62,2166 Forest Ave,Apt 749,Springfield,YT,B2T 1E2,CA,Office,True,+15147381930,39.70234,-89.676588,Barbara Zhang,2024-05-05T17:25:13Z,2024-09-22T17:25:13Z
104,63,4669 Wilson St,,Reno,NV,28327,US,Home,True,+15034323373,39.561281,-119.85347,Charles Rodriguez,2022-11-02T11:46:13Z,2025-09-10T11:46:13Z
105,63,3922 Forest Way,Floor 39,Las Vegas,NV,27299,US,Home,False,+15034323373,36.267277,-115.053015,Charles Rodriguez,2022-02-07T11:46:13Z,2025-04-16T11:46:13Z
106,64,1084 Park Way,,Savannah,GA,20957,US,Shipping,True,+16172662880,32.150194,-81.179619,Daniel Tanaka,2016-03-28T00:16:13Z,2021-02-09T00:16:13Z
107,64,2878 Cedar St,,Savannah,GA,20957,US,Shipping,False,+16172662880,32.013667,-81.000597,Daniel Tanaka,2018-09-09T00:16:13Z,2024-06-27T00:16:13Z
108,65,722 Main Dr,Unit 393,Franklin,MS,43438,US,Shipping,True,+13059501667,36.009145,-86.933108,Lisa Mitchell,2023-09-13T00:21:51Z,2025-04-01T00:21:51Z
109,66,8084 Wilson Dr,,Madison,YT,N2Y 8A5,CA,Shipping,True,+14034446076,43.082412,-89.342005,Patricia Robinson,2022-08-29T08:52:04Z,2022-09-11T08:52:04Z
110,67,4779 Hill Rd,,Hamilton,ON,P8C 2X2,CA,Shipping,True,+19052627723,43.234291,-79.80472,Olga Johnson,2024-12-23T23:46:19Z,2025-06-03T23:46:19Z
111,67,2231 Wilson Cir,Apt 169,Hamilton,ON,P8C 2X2,CA,Office,True,+19052627723,43.218507,-79.946953,Olga Johnson,2025-01-08T23:46:19Z,2025-04-24T23:46:19Z
112,68,3642 Pine Dr,,Bristol,MT,82869,US,Shipping,True,+19174095915,41.646248,-72.92324,Jessica Lopez,2025-07-08T19:02:13Z,2025-07-29T19:02:13Z
113,69,8174 Market Pl,,Madison,ID,46681,US,Home,True,+18059410695,42.990644,-89.424597,Elizabeth Williams,2024-08-29T04:05:57Z,2024-12-09T04:05:57Z
114,69,8908 Main Way,,Madison,ID,46681,US,Shipping,True,+18059410695,43.082004,-89.404264,Elizabeth Williams,2024-11-12T04:05:57Z,2025-07-27T04:05:57Z
115,70,6364 Spring Blvd,#326,Dallas,TX,44934,US,Home,True,+19178847496,32.837942,-96.757475,Patricia Green,2025-04-20T01:51:30Z,2025-09-18T01:51:30Z
116,70,9235 Pine Cir,,Dallas,TX,44934,US,Office,True,+19178847496,32.83878,-96.702922,Patricia Green,2025-01-15T01:51:30Z,2025-06-22T01:51:30Z
117,71,6482 Lincoln Ave,Unit 140,Franklin,AK,86888,US,Shipping,True,+13128495857,36.020272,-86.82243,Linda Robinson,2021-03-02T19:12:51Z,2025-08-09T19:12:51Z
118,71,9208 Adams Cir,,Fairview,AK,48602,US,Shipping,False,+19495284990,40.875491,-74.026523,Linda Robinson,2019-06-07T19:12:51Z,2021-06-03T19:12:51Z
119,71,9298 Oak Blvd,,Franklin,AK,86888,US,Office,True,+13128495857,36.018606,-86.924721,Charles Nelson,2021-11-21T19:12:51Z,2022-06-22T19:12:51Z
120,72,3696 Elm Ct,Apt 302,Salem,HI,74629,US,Shipping,True,+14048140335,44.846916,-123.082874,Donald Hall,2024-05-11T22:42:40Z,2024-07-25T22:42:40Z
121,72,1526 River Cir,,Salem,HI,74629,US,Shipping,False,+17184946340,44.983801,-123.048835,Donald Hall,2024-06-11T22:42:40Z,2025-08-29T22:42:40Z
122,73,1893 Park Way,,Bristol,RI,36171,US,Shipping,True,+17133565171,41.750775,-72.996299,Anthony Harris,2025-10-06T08:42:18Z,2025-11-24T08:42:18Z
123,73,4314 Highland Ct,Unit 578,Riverside,RI,80968,US,Billing,True,+13052215886,33.870441,-117.427442,Anthony Harris,2025-09-19T08:42:18Z,2025-12-24T08:42:18Z
124,73,8562 Market Pl,,Bristol,RI,36171,US,Home,True,+12126211932,41.686343,-73.002172,Anthony Harris,2025-09-05T08:42:18Z,2025-09-15T08:42:18Z
125,74,9627 Sunset Way,Suite 152,Quebec City,QC,L6C 2R8,CA,Home,True,+19056630966,46.827219,-71.191465,Ana Jackson,2025-11-26T06:51:12Z,2025-11-29T06:51:12Z
126,75,1463 Washington Ct,Floor 32,Springfield,NS,N5M 5V1,CA,Shipping,True,+14033127307,39.833599,-89.576662,Andrew Hall,2021-07-28T19:30:02Z,2024-06-17T19:30:02Z
127,76,6504 Franklin Ave,,Springfield,KS,69827,US,Shipping,True,+12129701002,39.730088,-89.652343,Jacob Hall,2017-10-28T05:12:56Z,2019-10-25T05:12:56Z
128,77,5714 Highland Ln,Unit 694,Fairview,ID,11109,US,Shipping,True,+17136709843,40.816728,-73.977479,Kimberly Lopez,2024-07-25T06:54:14Z,2024-11-06T06:54:14Z
129,78,4844 Hill Way,,Clinton,ND,17441,US,Home,True,+19725389823,41.889346,-90.172095,Chen Torres,2021-04-22T20:20:55Z,2025-11-18T20:20:55Z
130,78,8760 Franklin Ct,,Clinton,ND,17441,US,Shipping,True,+19725389823,41.843463,-90.119616,Chen Torres,2021-10-14T20:20:55Z,2024-11-30T20:20:55Z
131,79,6705 Lincoln Ct,Suite 798,Springfield,NU,C8J 9E6,CA,Shipping,True,+17784502789,39.697862,-89.683574,Thomas King,2025-09-05T21:57:21Z,2025-10-15T21:57:21Z
132,80,750 Park Ln,,Chester,YT,J1A 4K5,CA,Shipping,True,+17803081549,39.853658,-75.350876,Carol Ivanov,2021-09-15T02:08:39Z,2025-07-22T02:08:39Z
133,81,7280 Church Ave,,Springfield,SC,87846,US,Shipping,True,+12127553006,39.776579,-89.719475,Matthew Perez,2021-06-16T07:46:08Z,2025-04-20T07:46:08Z
134,82,1459 Cedar Cir,,Springfield,HI,81845,US,Shipping,True,+18189636624,39.711529,-89.732083,Richard Wright,2022-03-03T23:39:07Z,2022-08-03T23:39:07Z
135,83,4396 Jackson Ave,Unit 188,Springfield,WI,11267,US,Home,True,+13127564625,39.704466,-89.67005,Steven Robinson,2018-02-13T03:52:11Z,2021-03-02T03:52:11Z
136,83,6910 Franklin Blvd,Apt 966,Springfield,WI,11267,US,Billing,True,+13127564625,39.702443,-89.567855,Steven Robinson,2018-04-08T03:52:11Z,2024-08-24T03:52:11Z
137,83,5876 Jefferson St,,Springfield,WI,11267,US,Billing,False,+13127564625,39.827156,-89.571747,Steven Robinson,2018-04-09T03:52:11Z,2023-09-29T03:52:11Z
138,84,8124 Elm Ave,,Salem,UT,29484,US,Shipping,True,+19179483157,44.907027,-123.068921,Jennifer Rodriguez,2021-08-30T23:36:46Z,2021-12-11T23:36:46Z
139,84,3851 Maple Ct,,Salem,UT,29484,US,Billing,True,+19179483157,44.860504,-123.035409,Lin Williams,2021-10-08T23:36:46Z,2022-06-08T23:36:46Z
140,85,4784 Broadway Pl,Apt 47,Bristol,RI,96136,US,Shipping,True,+17138005517,41.751175,-72.950816,Edward Jones,2025-11-15T19:40:19Z,2025-11-21T19:40:19Z
141,86,8329 Wilson Blvd,,Raleigh,NC,75382,US,Shipping,True,+12016449018,35.71433,-78.575151,Jessica Kim,2016-10-15T13:02:59Z,2021-02-17T13:02:59Z
142,86,6303 Market Cir,,Raleigh,NC,75382,US,Shipping,False,+12016449018,35.734319,-78.545481,Jessica Kim,2017-11-09T13:02:59Z,2022-12-07T13:02:59Z
143,87,8748 Park Way,,Franklin,MB,X9N 2P8,CA,Home,True,+16476888933,35.929646,-86.963846,Elena Schmidt,2023-05-22T23:59:35Z,2023-07-15T23:59:35Z
144,87,2637 Park Ln,Apt 708,Franklin,MB,X9N 2P8,CA,Home,False,+17789254816,35.8659,-86.860666,Elena Schmidt,2023-12-27T23:59:35Z,2025-04-03T23:59:35Z
145,88,9886 Washington Dr,Suite 700,Madison,AL,36619,US,Shipping,True,+19729288441,42.987994,-89.308705,Mark Roberts,2022-08-03T22:42:03Z,2023-04-04T22:42:03Z
146,88,2132 Elm Cir,,Bristol,AL,30146,US,Billing,True,+19729072770,41.713738,-73.018339,Mark Roberts,2021-07-07T22:42:03Z,2024-11-10T22:42:03Z
147,89,3995 Oak Rd,Apt 396,Fairview,WI,79533,US,Shipping,True,+18186708816,40.763918,-73.957405,Joshua Ivanov,2020-12-17T07:11:33Z,2023-11-10T07:11:33Z
148,89,7301 Forest St,Suite 329,Fairview,WI,79533,US,Home,True,+18186708816,40.902242,-74.068721,Joshua Ivanov,2023-01-22T07:11:33Z,2023-02-06T07:11:33Z
149,90,1939 Broadway St,,San Jose,CA,39837,US,Shipping,True,+15125419471,37.36187,-121.835108,Viktor Ramirez,2022-09-02T22:56:47Z,2022-12-04T22:56:47Z
150,91,8801 Broadway Ave,Unit 217,Tacoma,WA,11461,US,Shipping,True,+19179338076,47.235431,-122.415114,Wei Wilson,2021-01-11T14:24:25Z,2021-10-29T14:24:25Z
151,92,2497 Lincoln Cir,Unit 982,Fairview,ME,19149,US,Home,True,+14154665781,40.798261,-74.101234,Steven Harris,2024-11-22T17:29:41Z,2025-03-15T17:29:41Z
152,92,5890 Pine Rd,,Fairview,ME,19149,US,Shipping,True,+14154665781,40.784348,-74.041106,Steven Harris,2024-09-12T17:29:41Z,2024-12-10T17:29:41Z
153,93,2718 Wilson Pl,Suite 184,Franklin,NU,P7K 5G7,CA,Shipping,True,+17786281646,35.938371,-86.855737,Emily Moore,2020-09-30T23:04:57Z,2021-07-26T23:04:57Z
154,94,1276 Sunset Ln,Suite 529,Madison,ND,44513,US,Home,True,+12016209713,43.054268,-89.337753,Amanda Garcia,2021-01-28T07:02:42Z,2023-10-22T07:02:42Z
155,95,9377 Pine St,Suite 530,Salem,HI,12942,US,Shipping,True,+15032361920,45.034548,-123.015228,Sarah Khan,2020-07-13T04:11:10Z,2024-02-08T04:11:10Z
156,96,6878 Pine Cir,Floor 40,Philadelphia,PA,40122,US,Home,True,+17185233488,39.972563,-75.089649,Andrew Hernandez,2019-11-22T07:53:26Z,2025-07-14T07:53:26Z
157,96,9888 Broadway St,,Philadelphia,PA,40122,US,Home,False,+17185233488,39.982446,-75.160791,Andrew Hernandez,2018-12-27T07:53:26Z,2019-06-22T07:53:26Z
158,97,6981 Franklin Cir,#434,Madison,NT,J1A 9E8,CA,Shipping,True,+14165145978,43.086034,-89.378824,Kathleen Carter,2025-09-19T03:27:08Z,2025-12-24T03:27:08Z
159,98,853 Elm Way,,Franklin,NH,23143,US,Home,True,+14156264294,35.826158,-86.950682,Sharon Lopez,2019-04-03T18:22:49Z,2024-07-16T18:22:49Z
160,98,1312 Jefferson St,,Franklin,NH,23143,US,Shipping,True,+14156264294,35.905229,-86.837665,Daniel Petrov,2020-01-17T18:22:49Z,2020-09-08T18:22:49Z
161,99,4531 Lake Cir,,Springfield,ND,18993,US,Shipping,True,+12136610317,39.772652,-89.669309,Betty Torres,2022-11-04T07:39:10Z,2024-04-21T07:39:10Z
162,99,8244 Park Rd,,Springfield,ND,18993,US,Billing,True,+12136610317,39.873042,-89.574877,Betty Torres,2023-07-14T07:39:10Z,2025-06-23T07:39:10Z
163,99,3986 Wilson Rd,,Springfield,ND,18993,US,Billing,False,+12136610317,39.773844,-89.632735,Betty Torres,2022-11-28T07:39:10Z,2025-08-11T07:39:10Z
164,100,3966 Hill Dr,Suite 857,Clinton,MN,85197,US,Shipping,True,+15123533307,41.865719,-90.257501,Amy Smith,2025-09-24T11:33:34Z,2025-10-09T11:33:34Z
165,100,693 Forest Rd,,Clinton,MN,85197,US,Billing,True,+15123533307,41.939072,-90.1093,Olga Lewis,2025-10-05T11:33:34Z,2025-12-06T11:33:34Z
166,101,5925 Jefferson Ln,Unit 243,Chester,DE,70302,US,Shipping,True,+17027781517,39.803482,-75.263995,Priya Scott,2021-11-09T13:30:34Z,2023-11-28T13:30:34Z
167,102,9211 Lincoln St,Suite 62,Franklin,AL,65249,US,Shipping,True,+18183128030,35.868193,-86.918042,Rebecca Mitchell,2023-03-04T04:36:43Z,2023-09-17T04:36:43Z
168,102,9181 Broadway Ln,Floor 23,Franklin,AL,65249,US,Billing,True,+18183128030,36.017723,-86.929108,Andrew Rivera,2023-01-08T04:36:43Z,2023-12-31T04:36:43Z
169,103,6480 Hill Ct,,Riverside,MT,20369,US,Home,True,+14044882539,34.041054,-117.346621,Priya Ivanov,2023-05-05T09:29:40Z,2024-08-08T09:29:40Z
170,103,3845 Madison Ln,,Riverside,MT,20369,US,Shipping,True,+19172451520,33.869313,-117.462818,Priya Ivanov,2022-03-03T09:29:40Z,2022-09-14T09:29:40Z
171,104,4464 Broadway Ct,#182,Franklin,ND,13744,US,Home,True,+12127566253,35.943266,-86.877591,Patricia Kim,2023-09-18T04:05:41Z,2025-04-17T04:05:41Z
172,105,6122 Washington Way,,Bristol,WI,49270,US,Shipping,True,+12018424576,41.659221,-72.999321,Carlos Flores,2022-02-20T09:23:26Z,2024-04-04T09:23:26Z
173,106,8765 Main Blvd,,Fairview,NJ,69345,US,Shipping,True,+15127875990,40.769023,-74.077192,Viktor Walker,2024-07-29T08:18:41Z,2024-08-06T08:18:41Z
174,107,1540 Sunset Dr,,Springfield,MO,25985,US,Home,True,+15035227918,39.817988,-89.687678,Amy Ramirez,2020-12-22T14:44:50Z,2021-11-11T14:44:50Z
175,108,8788 Cedar Blvd,,Bristol,PE,G6C 4H7,CA,Home,True,+14032179120,41.635148,-72.93763,Ahmed Thomas,2025-05-28T01:55:42Z,2025-12-07T01:55:42Z
176,109,307 Jefferson Rd,,Riverside,MB,X3T 5L8,CA,Shipping,True,+16135809090,33.901057,-117.351999,Timothy Rivera,2024-06-07T14:35:18Z,2025-07-08T14:35:18Z
177,110,3420 Franklin Ct,,Syracuse,NY,91785,US,Shipping,True,+19494146968,43.114516,-76.153788,Ahmed Martin,2019-10-27T03:33:42Z,2020-07-01T03:33:42Z
178,110,6047 Adams St,,New York,NY,20215,US,Office,True,+19494146968,40.75966,-73.939109,Ahmed Martin,2017-06-13T03:33:42Z,2023-04-10T03:33:42Z
179,111,6091 Market Way,,Greensboro,NC,96184,US,Home,True,+14046478681,36.03729,-79.843855,Carlos Roberts,2023-07-17T05:35:47Z,2024-02-21T05:35:47Z
180,111,5899 Highland Ct,,Charlotte,NC,77844,US,Home,False,+14159178303,35.323691,-80.823947,Carlos Roberts,2022-05-23T05:35:47Z,2024-01-31T05:35:47Z
181,112,9441 Cedar Cir,,Salem,OR,84588,US,Home,True,+17024918650,44.850374,-122.973432,Kenneth Williams,2025-06-09T17:32:35Z,2025-06-29T17:32:35Z
182,113,2166 River Ave,,Salem,AR,68407,US,Shipping,True,+19726825587,44.991963,-123.02547,Sharon Patel,2023-10-02T20:54:38Z,2023-12-28T20:54:38Z
183,114,7246 Jefferson Blvd,,Naperville,IL,55157,US,Home,True,+19727497976,41.835643,-88.206802,Thomas Moore,2023-04-30T06:35:39Z,2024-05-16T06:35:39Z
184,114,894 Lake Cir,,Naperville,IL,55157,US,Shipping,True,+19727497976,41.814827,-88.250753,Thomas Moore,2023-05-09T06:35:39Z,2025-08-09T06:35:39Z
185,114,3425 Jackson Pl,#536,Naperville,IL,55157,US,Shipping,False,+19727497976,41.76056,-88.128892,Thomas Moore,2021-10-20T06:35:39Z,2025-09-12T06:35:39Z
186,115,652 Lake Pl,Floor 48,Clinton,NT,R9E 6V9,CA,Home,True,+17782738370,41.773401,-90.219344,Yuki Garcia,2023-12-10T08:03:29Z,2024-12-07T08:03:29Z
187,115,8213 Hill St,,Clinton,NT,R9E 6V9,CA,Office,True,+17782738370,41.92008,-90.125728,Mark Martin,2023-06-28T08:03:29Z,2025-01-16T08:03:29Z
188,116,2379 Franklin Cir,,Clinton,UT,28102,US,Home,True,+13128099185,41.805499,-90.177232,Ronald Moore,2023-11-19T20:43:14Z,2024-03-19T20:43:14Z
189,116,5222 Market Way,Unit 156,Clinton,UT,28102,US,Shipping,True,+16177775825,41.763354,-90.251751,Ronald Moore,2023-08-01T20:43:14Z,2025-04-23T20:43:14Z
190,116,3805 Lake St,Floor 33,Clinton,UT,28102,US,Shipping,False,+16177775825,41.835753,-90.158786,Ronald Moore,2022-05-20T20:43:14Z,2024-07-21T20:43:14Z
191,117,631 Sunset Ave,,Springfield,WY,89682,US,Shipping,True,+12126678334,39.847102,-89.741617,Matthew Lewis,2025-09-12T13:14:47Z,2025-11-17T13:14:47Z
192,117,808 Washington Ln,,Springfield,WY,89682,US,Billing,True,+18589580580,39.836435,-89.692917,Matthew Lewis,2025-09-07T13:14:47Z,2025-10-31T13:14:47Z
193,118,8384 Jefferson Blvd,Floor 50,Worcester,MA,26193,US,Home,True,+12132957684,42.196777,-71.835261,Charles Liu,2019-12-19T05:49:37Z,2021-08-24T05:49:37Z
194,119,9135 Washington St,Apt 669,Toronto,ON,V4J 8T6,CA,Shipping,True,+16472666096,43.623004,-79.454125,Michael Patel,2018-06-02T20:11:07Z,2025-11-24T20:11:07Z
195,119,1437 Oak Ave,,Mississauga,ON,Y3T 6B1,CA,Shipping,False,+16472666096,43.611218,-79.605797,Michael Patel,2019-11-30T20:11:07Z,2023-07-14T20:11:07Z
196,119,7002 Broadway Ave,Suite 125,Toronto,ON,V4J 8T6,CA,Shipping,False,+16472666096,43.608084,-79.377789,Michael Patel,2021-03-06T20:11:07Z,2022-05-09T20:11:07Z
197,120,393 Highland Ave,,Bristol,OR,78118,US,Shipping,True,+18186131426,41.613266,-72.926238,Susan Lopez,2025-10-20T09:27:38Z,2025-12-11T09:27:38Z
198,120,3479 Main Dr,,Riverside,OR,52457,US,Home,True,+18186131426,33.914855,-117.394862,Susan Lopez,2025-09-24T09:27:38Z,2025-10-08T09:27:38Z
199,120,478 Elm Dr,Unit 945,Bristol,OR,78118,US,Home,False,+18186131426,41.755033,-72.889849,Susan Lopez,2025-11-04T09:27:38Z,2025-11-12T09:27:38Z
200,121,5051 Adams Rd,,Georgetown,AK,59183,US,Shipping,True,+16173813112,38.164099,-84.64194,Carlos Nelson,2023-06-04T16:19:36Z,2024-02-02T16:19:36Z
201,122,68 Park St,,Chester,CT,98698,US,Shipping,True,+13123721234,39.868458,-75.438285,Fatima Hill,2025-07-27T02:28:32Z,2025-08-07T02:28:32Z
202,122,369 Lincoln Ln,,Clinton,CT,51831,US,Home,True,+13123721234,41.780509,-90.23337,Fatima Hill,2025-07-20T02:28:32Z,2025-08-19T02:28:32Z
203,123,7305 Jefferson Rd,Suite 731,Springfield,UT,23884,US,Home,True,+17182451306,39.833381,-89.58824,Joseph Johnson,2021-04-21T11:35:20Z,2025-07-16T11:35:20Z
204,123,7673 Cedar Ct,Floor 15,Springfield,UT,23884,US,Shipping,True,+17182451306,39.710444,-89.57096,Joseph Johnson,2021-10-22T11:35:20Z,2023-11-05T11:35:20Z
205,124,1083 River Dr,,Toledo,OH,62535,US,Shipping,True,+19495468202,41.670994,-83.481037,Kevin Adams,2021-05-19T15:29:54Z,2024-07-23T15:29:54Z
206,125,4 Wilson Blvd,,Georgetown,MO,74788,US,Home,True,+12122759445,38.200395,-84.600999,Donald Thompson,2025-02-21T15:07:37Z,2025-10-07T15:07:37Z
207,125,9344 Madison Ln,,Georgetown,MO,74788,US,Shipping,True,+12122759445,38.253358,-84.476276,Donald Thompson,2024-06-16T15:07:37Z,2024-06-24T15:07:37Z
208,125,4820 Oak Rd,,Georgetown,MO,74788,US,Home,False,+15035621492,38.109969,-84.547294,Donald Thompson,2024-11-01T15:07:37Z,2024-12-27T15:07:37Z
209,126,2249 Franklin Way,,Riverside,AL,94985,US,Shipping,True,+12013207925,34.032016,-117.357122,Mei Kim,2022-04-07T17:13:42Z,2025-10-04T17:13:42Z
210,126,7374 Church Rd,Floor 1,Riverside,AL,94985,US,Billing,True,+12013207925,34.022661,-117.44885,Mei Kim,2022-09-10T17:13:42Z,2024-03-14T17:13:42Z
211,126,621 Lincoln Ct,,Bristol,AL,78997,US,Billing,False,+12013207925,41.764148,-73.033287,Mei Kim,2021-06-12T17:13:42Z,2024-01-20T17:13:42Z
212,127,9792 Jackson Ln,,Chester,NJ,71503,US,Shipping,True,+19498155682,39.862341,-75.443416,Diego Lopez,2018-07-12T21:40:34Z,2025-01-04T21:40:34Z
213,128,9758 Pine Ct,,Clinton,VT,73559,US,Home,True,+14048705618,41.82459,-90.212067,Donna Brown,2025-03-01T08:16:08Z,2025-05-25T08:16:08Z
214,128,4332 Wilson Ave,Floor 31,Clinton,VT,73559,US,Shipping,True,+14048705618,41.89123,-90.138214,Donna Brown,2024-11-15T08:16:08Z,2025-05-28T08:16:08Z
215,128,8691 Market St,Floor 44,Clinton,VT,73559,US,Shipping,False,+14048705618,41.848051,-90.097526,Donna Brown,2024-09-06T08:16:08Z,2025-12-19T08:16:08Z
216,129,558 Main Cir,#673,Salem,AL,22805,US,Shipping,True,+12139184346,45.021693,-123.091735,Sharon Wright,2024-01-07T18:25:29Z,2025-10-21T18:25:29Z
217,129,6160 Madison Cir,,Riverside,AL,71204,US,Home,True,+18582871637,33.992431,-117.445533,Emily Singh,2022-07-20T18:25:29Z,2025-02-02T18:25:29Z
218,130,308 Forest Blvd,,Riverside,SC,67878,US,Home,True,+15122866435,33.853474,-117.488633,Dorothy Allen,2021-06-24T12:21:03Z,2022-12-21T12:21:03Z
219,130,61 Sunset Ct,,Riverside,SC,67878,US,Billing,True,+15122866435,33.998853,-117.333745,Dorothy Allen,2019-09-07T12:21:03Z,2025-09-27T12:21:03Z
220,131,7176 Jackson Dr,Suite 26,Clinton,MO,49173,US,Home,True,+17189520057,41.885948,-90.170111,Kathleen Thomas,2024-01-06T09:25:03Z,2025-02-07T09:25:03Z
221,132,2139 Main Blvd,,Riverside,IA,14833,US,Home,True,+12138860205,34.034232,-117.332052,Michelle Petrov,2015-12-17T10:03:21Z,2021-01-27T10:03:21Z
222,133,6061 Broadway Blvd,,Springfield,IN,87736,US,Shipping,True,+14044814409,39.866835,-89.74196,Susan Anderson,2024-02-29T06:27:21Z,2025-12-07T06:27:21Z
223,133,7979 Maple St,Apt 724,Springfield,IN,87736,US,Shipping,False,+14044814409,39.859083,-89.666856,Susan Anderson,2024-09-08T06:27:21Z,2025-08-28T06:27:21Z
224,134,3410 Hill St,Suite 702,Clinton,OK,35153,US,Shipping,True,+12127409484,41.910756,-90.106403,Paul Ali,2019-04-17T19:11:45Z,2021-04-08T19:11:45Z
225,134,3434 Market Ln,Floor 7,Clinton,OK,35153,US,Billing,True,+13056447631,41.926972,-90.253522,Paul Ali,2020-11-27T19:11:45Z,2021-01-25T19:11:45Z
226,135,5876 Hill Dr,Apt 709,Henderson,NV,38333,US,Shipping,True,+19725816740,36.053233,-115.025579,Donald Khan,2025-02-24T10:14:49Z,2025-10-20T10:14:49Z
227,136,6845 Oak St,,Henderson,NV,42483,US,Home,True,+13055795353,36.086195,-114.980857,Carol Lewis,2025-10-04T19:57:10Z,2025-12-10T19:57:10Z
228,136,1362 Broadway St,,Henderson,NV,42483,US,Billing,True,+17025642742,35.983101,-115.010019,John Yamamoto,2025-09-22T19:57:10Z,2025-12-13T19:57:10Z
229,136,7525 Lincoln Cir,Floor 50,North Las Vegas,NV,92157,US,Shipping,True,+17025642742,36.135889,-115.04319,Carol Lewis,2025-10-06T19:57:10Z,2025-10-06T19:57:10Z
230,137,9156 Adams Ave,,Georgetown,UT,16758,US,Shipping,True,+13055212459,38.264515,-84.631619,Kevin Jones,2022-01-07T18:50:13Z,2023-05-10T18:50:13Z
231,138,1431 Maple Way,,Bristol,ME,91389,US,Home,True,+17138710079,41.629475,-72.857975,Yuki Clark,2025-02-21T08:32:43Z,2025-05-16T08:32:43Z
232,139,4983 Lincoln Blvd,,Allentown,PA,95951,US,Shipping,True,+17026078108,40.569699,-75.432346,Amy Martin,2019-07-23T13:43:34Z,2024-12-26T13:43:34Z
233,139,2431 Spring Ln,,Pittsburgh,PA,32984,US,Home,True,+17026078108,40.482962,-80.038851,Amy Martin,2022-01-08T13:43:34Z,2022-11-18T13:43:34Z
234,140,9400 Madison Blvd,,Georgetown,NJ,30454,US,Shipping,True,+12018194944,38.255509,-84.474842,Kenneth Taylor,2023-11-17T01:42:20Z,2025-10-22T01:42:20Z
235,141,5916 Church Blvd,,Houston,TX,77081,US,Shipping,True,+17183631165,29.745928,-95.392577,Jennifer Moore,2021-12-16T07:28:22Z,2023-07-21T07:28:22Z
236,141,9192 Maple Dr,,Houston,TX,77081,US,Billing,True,+17868111986,29.858919,-95.309063,Jennifer Moore,2022-09-25T07:28:22Z,2023-08-26T07:28:22Z
237,142,9589 Park Ct,,Franklin,WI,36117,US,Home,True,+18183041671,35.91779,-86.963532,Rebecca Moore,2018-06-01T15:55:33Z,2020-02-21T15:55:33Z
238,143,2220 Spring Blvd,Unit 430,Georgetown,DE,77177,US,Shipping,True,+19492147178,38.237049,-84.468269,Lin Torres,2018-01-06T00:07:48Z,2021-04-07T00:07:48Z
239,144,9154 Jefferson Pl,,Albany,NY,54605,US,Home,True,+14042859143,42.695109,-73.715747,Elizabeth Schmidt,2022-01-12T05:34:20Z,2024-05-15T05:34:20Z
240,144,285 Forest Rd,Unit 143,Albany,NY,54605,US,Home,False,+14042859143,42.730545,-73.73667,Elizabeth Schmidt,2022-09-03T05:34:20Z,2023-08-21T05:34:20Z
241,145,710 Maple Ln,,Las Vegas,NV,35736,US,Home,True,+13052275085,36.22081,-115.083326,Jessica Lewis,2021-10-27T04:13:08Z,2022-12-21T04:13:08Z
242,146,3507 Sunset Ct,#190,Philadelphia,PA,79315,US,Home,True,+14158004663,39.940533,-75.07365,Brian Brown,2025-09-02T18:22:22Z,2025-12-17T18:22:22Z
243,147,6021 Elm St,,Clinton,NH,82602,US,Home,True,+17864437639,41.84033,-90.267666,Margaret Schmidt,2022-09-06T03:33:08Z,2025-08-11T03:33:08Z
244,147,6564 Adams Cir,,Clinton,NH,82602,US,Shipping,True,+17864437639,41.920486,-90.254955,Margaret Schmidt,2022-04-06T03:33:08Z,2023-05-18T03:33:08Z
245,147,2012 Lake Way,,Fairview,NH,94388,US,Office,True,+17864437639,40.83133,-73.950939,Margaret Schmidt,2022-06-20T03:33:08Z,2024-06-18T03:33:08Z
246,148,3309 Park Ct,,Savannah,GA,91522,US,Home,True,+19722808105,32.033233,-81.122477,Stephanie Ivanov,2019-05-27T08:31:31Z,2025-07-12T08:31:31Z
247,148,1952 Church Ct,Floor 30,Augusta,GA,49720,US,Office,True,+19722808105,33.484833,-81.938428,Stephanie Ivanov,2020-04-30T08:31:31Z,2022-03-03T08:31:31Z
248,149,6750 Spring St,,Springfield,NS,A1G 6P9,CA,Home,True,+14168418912,39.731223,-89.620483,William Flores,2022-11-14T21:34:36Z,2023-05-06T21:34:36Z
249,150,7144 Washington Ct,,Georgetown,IN,75107,US,Shipping,True,+18588806996,38.304621,-84.644236,Lisa Williams,2022-11-14T16:57:26Z,2024-01-26T16:57:26Z
250,150,6587 Lake Cir,,Fairview,IN,18817,US,Office,True,+18588806996,40.731547,-74.034832,Lisa Williams,2022-12-16T16:57:26Z,2025-12-07T16:57:26Z
251,151,982 Sunset Dr,Suite 247,Bristol,WV,45118,US,Home,True,+12137317769,41.601895,-72.912239,Elizabeth Hill,2020-03-12T06:26:25Z,2025-01-28T06:26:25Z
252,151,6758 Hill Ln,,Fairview,WV,29655,US,Shipping,True,+18056071682,40.759826,-74.054503,Elizabeth Hill,2019-08-04T06:26:25Z,2019-11-25T06:26:25Z
253,151,7146 Market St,Unit 140,Madison,WV,15535,US,Billing,True,+12134633224,43.104834,-89.466003,Elizabeth Hill,2021-03-28T06:26:25Z,2025-08-16T06:26:25Z
254,152,6389 Jackson Dr,,Madison,ND,75070,US,Shipping,True,+12133997133,43.016702,-89.479837,Elena Hill,2023-02-18T21:56:05Z,2024-09-02T21:56:05Z
255,153,8764 Lake Ct,Floor 17,Springfield,WV,98027,US,Home,True,+18057296170,39.741878,-89.562836,Mei Davis,2019-11-14T17:27:30Z,2023-03-16T17:27:30Z
256,153,6657 Oak Ln,,Springfield,WV,98027,US,Shipping,True,+15034122174,39.869799,-89.655882,Mei Davis,2020-11-11T17:27:30Z,2025-07-30T17:27:30Z
257,153,1645 Elm Ln,,Springfield,WV,98027,US,Office,True,+15034122174,39.802123,-89.587414,Mei Davis,2020-05-19T17:27:30Z,2022-12-03T17:27:30Z
258,154,6792 Spring Blvd,Floor 37,Cambridge,MA,72700,US,Shipping,True,+13124186741,42.318497,-71.020078,Cynthia Sanchez,2022-08-16T06:40:19Z,2023-11-27T06:40:19Z
259,154,816 Church Cir,,Boston,MA,84349,US,Office,True,+13124186741,42.451707,-71.124875,Chen White,2020-02-25T06:40:19Z,2020-04-22T06:40:19Z
260,155,4069 Spring Cir,,Clinton,UT,64831,US,Shipping,True,+14045426948,41.833633,-90.286636,Ronald Ramirez,2018-12-22T23:31:24Z,2022-08-07T23:31:24Z
261,156,5199 Adams Pl,,Springfield,OK,86085,US,Shipping,True,+17139769839,39.733781,-89.687446,Jason Allen,2025-06-26T07:30:58Z,2025-10-31T07:30:58Z
262,156,4313 Jefferson Ln,,Springfield,OK,86085,US,Billing,True,+18052446460,39.714697,-89.602726,Jason Allen,2025-08-11T07:30:58Z,2025-09-18T07:30:58Z
263,156,895 Lake Blvd,Unit 168,Springfield,OK,86085,US,Shipping,False,+19176070148,39.768986,-89.55106,Jason Allen,2025-08-12T07:30:58Z,2025-08-22T07:30:58Z
264,157,8162 Madison Ave,,Fort Worth,TX,37839,US,Shipping,True,+13059021073,32.660692,-97.294538,Ryan Petrov,2019-08-08T02:13:55Z,2024-01-08T02:13:55Z
265,158,6536 Maple St,,Fairview,NS,G4B 5N0,CA,Shipping,True,+16046589879,40.745188,-73.946301,Dorothy Martin,2021-03-06T14:40:17Z,2024-10-21T14:40:17Z
266,159,3674 Franklin Blvd,,Reno,NV,90460,US,Home,True,+14045641544,39.535056,-119.784355,Jessica Hill,2025-03-11T21:38:08Z,2025-08-06T21:38:08Z
267,159,4922 Pine Blvd,,Reno,NV,90460,US,Home,False,+18582902884,39.479331,-119.828254,Jessica Hill,2025-07-13T21:38:08Z,2025-07-25T21:38:08Z
268,160,9897 Hill Ave,,Lowell,MA,69637,US,Shipping,True,+18057232900,42.536983,-71.337213,Priya Singh,2024-02-18T08:22:16Z,2024-08-11T08:22:16Z
269,161,1909 Elm Blvd,,Clinton,TN,67119,US,Shipping,True,+19173601506,41.831053,-90.191691,Stephanie Ivanov,2022-10-19T21:44:43Z,2025-04-26T21:44:43Z
270,162,1041 Hill Way,,Reading,PA,98954,US,Shipping,True,+18183945366,40.258988,-75.902361,Raj Kim,2023-10-26T13:54:31Z,2025-01-27T13:54:31Z
271,163,9925 Forest Ave,,Franklin,NM,91506,US,Shipping,True,+17139389576,36.013711,-86.870155,Andrew Harris,2022-04-01T21:21:58Z,2023-06-03T21:21:58Z
272,164,1735 Jefferson Cir,,Macon,GA,89205,US,Home,True,+13057925753,32.930177,-83.567678,Kimberly Rivera,2015-08-04T02:21:27Z,2021-04-11T02:21:27Z
273,164,5926 Elm Ln,,Macon,GA,89205,US,Office,True,+13059118531,32.840378,-83.558301,Kimberly Rivera,2016-03-21T02:21:27Z,2023-06-23T02:21:27Z
274,164,6812 Wilson St,Floor 19,Macon,GA,89205,US,Shipping,True,+13057925753,32.757747,-83.657913,Kimberly Rivera,2019-08-03T02:21:27Z,2024-03-28T02:21:27Z
275,165,8517 Park Way,,Cambridge,MA,31538,US,Shipping,True,+12018937408,42.409774,-71.098978,Karen Patel,2025-05-26T13:57:29Z,2025-11-26T13:57:29Z
276,165,8648 Jefferson Blvd,,Cambridge,MA,31538,US,Shipping,False,+17188504529,42.314627,-71.100815,Karen Patel,2025-07-27T13:57:29Z,2025-11-17T13:57:29Z
277,165,4941 Maple St,,Cambridge,MA,31538,US,Shipping,False,+17862515633,42.417376,-71.033725,Karen Patel,2025-06-23T13:57:29Z,2025-11-08T13:57:29Z
278,166,7425 River Dr,,Chester,KY,56461,US,Home,True,+13052400412,39.9474,-75.342581,Ahmed Flores,2020-04-29T17:37:16Z,2022-12-12T17:37:16Z
279,167,7211 Adams Ct,,Salem,ND,87101,US,Shipping,True,+19176353226,44.926284,-123.102531,Ana Moore,2021-07-05T16:37:12Z,2022-03-22T16:37:12Z
280,168,8009 Main Ave,,Bristol,ME,13667,US,Shipping,True,+13123192355,41.585313,-73.040364,Priya Thomas,2025-10-02T17:23:58Z,2025-12-14T17:23:58Z
281,168,6182 Forest Cir,Suite 517,Bristol,ME,13667,US,Shipping,False,+13123192355,41.724136,-72.915856,Priya Thomas,2025-08-21T17:23:58Z,2025-12-09T17:23:58Z
282,168,6712 Church Dr,,Bristol,ME,13667,US,Home,True,+12016798240,41.580964,-72.915211,Priya Thomas,2025-09-27T17:23:58Z,2025-11-01T17:23:58Z
283,169,382 River Way,Apt 881,Fairview,VA,68226,US,Shipping,True,+12138768944,40.81818,-74.025798,Maria Perez,2017-09-01T19:34:36Z,2018-12-14T19:34:36Z
284,169,1469 Pine Ln,,Fairview,VA,68226,US,Shipping,False,+12138768944,40.724383,-73.909975,Viktor Flores,2018-03-05T19:34:36Z,2018-06-24T19:34:36Z
285,171,7613 Jefferson Ln,,Savannah,GA,80836,US,Shipping,True,+17184947907,32.014376,-81.179165,Cynthia Wang,2025-08-01T00:17:35Z,2025-10-09T00:17:35Z
286,172,7808 Main St,,Georgetown,NS,L8L 4N5,CA,Shipping,True,+14035857076,38.192433,-84.480246,Viktor Ramirez,2024-04-10T17:36:04Z,2025-08-23T17:36:04Z
287,172,1271 Broadway St,,Georgetown,NS,L8L 4N5,CA,Home,True,+14035857076,38.198835,-84.634617,Viktor Ramirez,2024-06-05T17:36:04Z,2025-06-25T17:36:04Z
288,173,6490 Cedar Ln,,Springfield,MS,46799,US,Home,True,+18189587559,39.780502,-89.639743,Daniel Johnson,2018-10-21T07:47:01Z,2025-02-23T07:47:01Z
289,174,4554 Market Pl,,Lethbridge,AB,B6S 7L1,CA,Shipping,True,+14037784355,49.596632,-112.906178,Daniel Rodriguez,2025-06-30T18:54:14Z,2025-11-23T18:54:14Z
290,174,1220 Lake Dr,Unit 65,Lethbridge,AB,B6S 7L1,CA,Billing,True,+17804073274,49.614945,-112.849107,Daniel Rodriguez,2025-06-23T18:54:14Z,2025-11-21T18:54:14Z
291,174,3906 River St,,Lethbridge,AB,B6S 7L1,CA,Shipping,False,+17785914013,49.642949,-112.930518,Daniel Rodriguez,2025-09-04T18:54:14Z,2025-11-22T18:54:14Z
292,175,7429 Church Ct,,Salem,MO,22560,US,Home,True,+19728307925,45.018888,-123.011254,Patricia Zhang,2020-06-01T22:04:50Z,2024-01-25T22:04:50Z
293,175,1770 Cedar St,,Clinton,MO,76702,US,Billing,True,+19728307925,41.922874,-90.263504,Laura Thomas,2019-12-13T22:04:50Z,2023-12-07T22:04:50Z
294,176,9167 Oak Way,Suite 656,Fairview,MD,54944,US,Shipping,True,+16175093970,40.8943,-73.945147,Jeffrey White,2020-05-29T18:27:32Z,2021-06-20T18:27:32Z
295,177,492 Broadway Ave,Floor 41,Quebec City,QC,K8J 4V5,CA,Shipping,True,+19053722318,46.831037,-71.154893,Cynthia Nelson,2018-08-09T13:21:10Z,2018-12-08T13:21:10Z
296,178,2143 Washington Dr,,Franklin,MS,79065,US,Home,True,+16178623542,35.963971,-86.90531,Diego Harris,2019-05-30T06:01:11Z,2022-02-24T06:01:11Z
297,179,8107 Forest Ln,,Bristol,MS,78012,US,Home,True,+18053501548,41.699421,-72.891175,Karen Adams,2024-08-06T16:37:56Z,2024-11-20T16:37:56Z
298,179,6487 Washington Ln,,Bristol,MS,78012,US,Office,True,+18053501548,41.603242,-72.880814,Karen Adams,2024-11-26T16:37:56Z,2025-09-03T16:37:56Z
299,180,1169 Spring St,,Aurora,CO,75767,US,Shipping,True,+18586585648,39.696152,-104.796879,Donna Khan,2021-06-12T19:21:27Z,2023-02-21T19:21:27Z
300,180,3124 Adams Cir,,Aurora,CO,75767,US,Home,True,+18586585648,39.779877,-104.783936,Donna Khan,2023-04-21T19:21:27Z,2024-01-13T19:21:27Z
301,180,6617 Church Cir,,Boulder,CO,62101,US,Home,False,+18586585648,40.112855,-105.180202,Donna Khan,2021-05-20T19:21:27Z,2022-08-27T19:21:27Z
302,181,4910 River Cir,Apt 945,Austin,TX,54541,US,Home,True,+15035516062,30.195027,-97.647651,Anthony Kim,2020-05-12T06:27:49Z,2024-09-29T06:27:49Z
303,181,7779 Cedar Rd,,Austin,TX,54541,US,Billing,True,+19726098785,30.346149,-97.824452,Sandra Liu,2019-02-04T06:27:49Z,2025-04-17T06:27:49Z
304,182,7779 Elm Cir,,Bristol,NE,19012,US,Home,True,+17189579841,41.633863,-73.008705,Patricia White,2021-04-29T07:18:42Z,2025-03-01T07:18:42Z
305,183,3006 Adams Cir,Apt 246,Fairview,MT,32954,US,Home,True,+17864089894,40.889708,-74.070614,Charles Ali,2023-05-15T10:58:36Z,2025-02-16T10:58:36Z
306,184,2237 River Ct,,Salem,NJ,55043,US,Home,True,+14043431005,44.856547,-123.025414,Sarah Tanaka,2017-09-19T11:04:48Z,2025-09-19T11:04:48Z
307,185,6184 Wilson Dr,,Chester,SD,94018,US,Shipping,True,+17028883075,39.824529,-75.407992,John Gonzalez,2017-05-26T02:42:48Z,2017-07-30T02:42:48Z
308,185,1036 Lake Ave,,Chester,SD,94018,US,Shipping,False,+13055276744,39.783177,-75.422291,John Gonzalez,2019-03-21T02:42:48Z,2024-12-18T02:42:48Z
309,186,8785 Lincoln Blvd,Apt 615,Springfield,MS,18825,US,Shipping,True,+14155448530,39.746571,-89.623925,Sofia Harris,2018-07-13T07:13:06Z,2020-01-08T07:13:06Z
310,186,5210 Madison Ct,Apt 624,Springfield,MS,18825,US,Office,True,+14155448530,39.771482,-89.647895,Sofia Harris,2020-07-06T07:13:06Z,2021-10-25T07:13:06Z
311,186,348 Jefferson Ave,Floor 16,Springfield,MS,18825,US,Shipping,False,+14155448530,39.693685,-89.675195,Sofia Harris,2018-01-06T07:13:06Z,2020-04-12T07:13:06Z
312,187,5270 Elm Ct,,Chester,IN,17087,US,Shipping,True,+14153053282,39.762523,-75.357372,Robert Walker,2024-08-16T10:08:17Z,2024-11-22T10:08:17Z
313,187,9710 Broadway Dr,Apt 437,Chester,IN,17087,US,Shipping,False,+15038723065,39.811893,-75.311365,Robert Walker,2023-08-19T10:08:17Z,2024-10-26T10:08:17Z
314,188,2239 Adams Ct,Suite 5,Madison,YT,Y3Y 3L6,CA,Shipping,True,+19058225974,42.975667,-89.40106,Andrew Ali,2025-09-21T02:23:25Z,2025-11-07T02:23:25Z
315,188,8021 Park Cir,Apt 944,Fairview,YT,L6X 8P0,CA,Billing,True,+16474565632,40.745072,-73.94961,Ashley Young,2025-09-12T02:23:25Z,2025-10-31T02:23:25Z
316,189,1457 Cedar Cir,,Ottawa,ON,S3S 5M8,CA,Home,True,+17787523781,45.390379,-75.768657,George Brown,2021-04-13T21:09:16Z,2025-06-23T21:09:16Z
317,189,8057 Main Ave,Floor 27,Ottawa,ON,S3S 5M8,CA,Office,True,+17787523781,45.468108,-75.763073,George Brown,2022-03-17T21:09:16Z,2023-04-02T21:09:16Z
318,190,156 Oak Ln,,Victoria,BC,C5C 7E4,CA,Home,True,+16044870178,48.329845,-123.349111,Nancy Müller,2017-04-25T06:03:47Z,2018-05-26T06:03:47Z
319,191,2276 Main Cir,#287,Georgetown,AR,53287,US,Home,True,+13052025876,38.300012,-84.509012,Timothy Wright,2021-03-18T10:23:43Z,2023-04-11T10:23:43Z
320,191,8437 Market Dr,Unit 18,Georgetown,AR,53287,US,Office,True,+13052025876,38.284487,-84.46538,Timothy Wright,2021-08-22T10:23:43Z,2025-06-10T10:23:43Z
321,192,1466 Cedar Way,,Chester,YT,B3V 2M8,CA,Shipping,True,+16473409729,39.755444,-75.269899,Stephanie Hernandez,2023-04-19T22:57:06Z,2025-10-29T22:57:06Z
322,193,1903 Lincoln Rd,Unit 977,Salem,SK,Y7K 4L1,CA,Home,True,+17802735516,44.918939,-122.987716,Steven Tanaka,2025-06-15T17:40:46Z,2025-06-30T17:40:46Z
323,193,6942 River Rd,,Salem,SK,Y7K 4L1,CA,Billing,True,+17802735516,44.868161,-123.002351,Steven Tanaka,2025-07-21T17:40:46Z,2025-09-15T17:40:46Z
324,193,5177 Pine Ln,,Salem,SK,Y7K 4L1,CA,Office,True,+14167023772,44.934057,-123.014807,Steven Tanaka,2025-05-25T17:40:46Z,2025-12-02T17:40:46Z
325,194,2609 Main Pl,Floor 31,Clinton,VA,39500,US,Home,True,+12129744009,41.940063,-90.137157,Kenneth Flores,2024-05-25T15:40:53Z,2024-08-06T15:40:53Z
326,195,2757 Oak Ave,Floor 4,Springfield,WV,57477,US,Home,True,+19492855200,39.705169,-89.647013,Matthew Kim,2024-12-11T01:54:59Z,2025-10-10T01:54:59Z
327,196,9382 Forest Ln,,Riverside,DE,20831,US,Shipping,True,+13056103861,33.872211,-117.377624,Sharon Hill,2023-10-16T19:11:41Z,2025-02-22T19:11:41Z
328,197,2016 Oak Blvd,,Clinton,WI,96321,US,Home,True,+13053515520,41.872528,-90.271136,Richard Adams,2018-07-06T12:52:44Z,2018-11-26T12:52:44Z
329,197,8920 Elm Way,,Clinton,WI,96321,US,Shipping,True,+13053515520,41.791667,-90.279467,Richard Adams,2019-12-26T12:52:44Z,2023-04-10T12:52:44Z
330,198,6555 Highland Ave,,Madison,MN,26841,US,Home,True,+19725540118,43.108405,-89.31316,Ana Ivanov,2021-06-08T16:13:44Z,2024-06-09T16:13:44Z
331,199,6204 Cedar Ave,Unit 603,Aurora,CO,53714,US,Home,True,+19174273765,39.793669,-104.833976,Paul Harris,2023-04-07T05:26:52Z,2024-03-29T05:26:52Z
332,200,6065 Adams Dr,,Springfield,KY,77314,US,Shipping,True,+13127516037,39.765349,-89.658543,Elena Gonzalez,2024-04-12T05:22:51Z,2025-04-09T05:22:51Z
333,200,7009 Sunset Dr,Apt 971,Springfield,KY,77314,US,Shipping,False,+13127516037,39.835816,-89.581051,Elena Gonzalez,2024-07-21T05:22:51Z,2024-10-10T05:22:51Z
334,201,5654 Lake Pl,,Chester,UT,26343,US,Home,True,+17182116603,39.758071,-75.36597,Fatima Lewis,2025-06-25T15:51:55Z,2025-12-14T15:51:55Z
335,201,2185 Sunset Rd,,Chester,UT,26343,US,Billing,True,+17182116603,39.825419,-75.381043,Ashley Thomas,2025-06-18T15:51:55Z,2025-09-12T15:51:55Z
336,202,3237 Maple Pl,,Riverside,MN,10675,US,Shipping,True,+17139467507,33.884042,-117.471431,Kathleen Nguyen,2022-02-23T06:59:19Z,2022-03-09T06:59:19Z
337,203,8120 Madison Blvd,Floor 47,Georgetown,NE,14142,US,Shipping,True,+14047588531,38.294512,-84.490687,Mark Tanaka,2022-02-08T08:06:28Z,2022-11-04T08:06:28Z
338,204,2969 Washington Cir,,Riverside,LA,44541,US,Shipping,True,+15037589584,33.883045,-117.472108,John Taylor,2020-05-01T01:43:53Z,2020-10-05T01:43:53Z
339,204,290 Jefferson Dr,Apt 390,Riverside,LA,44541,US,Shipping,False,+15037589584,33.914589,-117.369538,John Taylor,2019-05-19T01:43:53Z,2021-11-12T01:43:53Z
340,205,2135 River Rd,,Henderson,NV,43064,US,Home,True,+18185049940,36.011777,-114.925938,Priya Singh,2021-02-10T11:45:26Z,2024-07-02T11:45:26Z
341,205,6293 Maple Ave,#124,Henderson,NV,22928,US,Shipping,True,+18185049940,35.978086,-114.992546,Priya Singh,2018-07-26T11:45:26Z,2024-09-10T11:45:26Z
342,206,3117 Jackson Way,,Franklin,AK,88532,US,Home,True,+15127844395,35.931594,-86.866202,Jacob Sanchez,2020-02-09T17:45:16Z,2021-12-17T17:45:16Z
343,207,4551 Pine Ln,,Riverside,OK,32427,US,Home,True,+15032382625,33.863604,-117.300195,Sofia Roberts,2017-12-21T18:13:37Z,2023-12-19T18:13:37Z
344,207,6048 River Ave,,Riverside,OK,32427,US,Home,False,+15032382625,33.906108,-117.469478,Sofia Roberts,2020-03-22T18:13:37Z,2023-07-12T18:13:37Z
345,208,1536 Forest Blvd,,Fairview,IN,92549,US,Home,True,+17183305615,40.87572,-74.066978,Mary Rivera,2025-12-08T00:34:42Z,2025-12-13T00:34:42Z
346,209,4386 Pine Cir,Apt 981,Riverside,RI,59528,US,Home,True,+17182173777,34.011632,-117.387726,Christopher Thompson,2021-03-12T02:27:15Z,2023-02-03T02:27:15Z
347,211,2972 Madison Way,Unit 640,Riverside,NB,M6C 6E5,CA,Shipping,True,+16048617404,34.016813,-117.426523,Melissa King,2015-11-07T07:27:24Z,2018-11-21T07:27:24Z
348,212,8827 Broadway Ct,,North Las Vegas,NV,64256,US,Shipping,True,+19728656373,36.263181,-115.140575,James Martin,2022-05-16T23:50:50Z,2025-04-29T23:50:50Z
349,213,6959 Spring St,,Clinton,NE,37621,US,Shipping,True,+15032468635,41.874549,-90.273946,Mark Lopez,2022-05-24T17:30:08Z,2023-04-12T17:30:08Z
350,214,179 Church Way,,Springfield,NH,47587,US,Shipping,True,+13053307677,39.856895,-89.639269,Wei Flores,2021-04-30T05:30:47Z,2022-10-10T05:30:47Z
351,214,2570 Hill Ave,,Springfield,NH,47587,US,Billing,True,+13053307677,39.706727,-89.707727,David Young,2020-02-24T05:30:47Z,2020-10-10T05:30:47Z
352,215,531 Lake Ln,#579,Franklin,ME,80984,US,Shipping,True,+13052547936,35.834075,-86.771601,Sofia Martinez,2023-07-22T12:52:24Z,2023-09-06T12:52:24Z
353,216,3795 Washington Blvd,,Toronto,ON,X3A 7V9,CA,Home,True,+16135753736,43.585409,-79.290467,Michelle Johnson,2022-01-20T06:20:48Z,2025-06-19T06:20:48Z
354,217,1462 Maple Blvd,,Fort Collins,CO,22335,US,Shipping,True,+18054631663,40.577448,-104.987171,Thomas Baker,2016-11-18T22:49:43Z,2025-06-09T22:49:43Z
355,218,1532 Spring Ct,,Montreal,QC,B4Y 1G1,CA,Home,True,+17805152620,45.508723,-73.503642,Sarah Thomas,2020-02-09T13:54:39Z,2021-01-25T13:54:39Z
356,219,4422 Hill Blvd,Apt 281,Georgetown,AR,66375,US,Home,True,+18183790303,38.190814,-84.599633,Ronald Kumar,2023-10-10T15:13:44Z,2025-01-14T15:13:44Z
357,219,4251 Elm St,Floor 49,Clinton,AR,72324,US,Home,False,+17864975375,41.811855,-90.20488,Ronald Kumar,2023-04-12T15:13:44Z,2025-03-17T15:13:44Z
358,219,9345 Church St,,Georgetown,AR,66375,US,Office,True,+18183790303,38.149512,-84.514755,Ronald Kumar,2023-05-26T15:13:44Z,2025-02-15T15:13:44Z
359,220,9451 Main Rd,,Clinton,IN,65073,US,Home,True,+19178496007,41.745238,-90.109369,Kenneth Johnson,2025-01-16T10:07:50Z,2025-03-20T10:07:50Z
360,221,8134 Jackson Cir,,Fairview,ME,23005,US,Shipping,True,+14153869647,40.73254,-74.013379,Ryan Wang,2022-06-30T10:07:59Z,2022-09-04T10:07:59Z
361,221,9038 Church Ave,Floor 8,Fairview,ME,23005,US,Home,True,+12138760712,40.87135,-74.009411,Ryan Wang,2023-05-30T10:07:59Z,2025-09-16T10:07:59Z
362,222,3157 Jefferson Way,,Savannah,GA,78021,US,Home,True,+19724663139,32.141166,-81.075629,Ronald Smith,2018-09-21T21:16:19Z,2025-11-09T21:16:19Z
363,223,5868 Elm Dr,,Fairview,AK,81260,US,Home,True,+17188462513,40.756951,-74.063434,Stephanie Green,2023-01-04T03:40:36Z,2024-05-20T03:40:36Z
364,223,848 Hill Ave,,Fairview,AK,81260,US,Shipping,True,+12136796554,40.840277,-73.986329,Stephanie Green,2020-12-10T03:40:36Z,2021-07-25T03:40:36Z
365,223,4628 Hill Blvd,Floor 24,Fairview,AK,81260,US,Shipping,False,+12136796554,40.754194,-74.082066,Stephanie Green,2022-11-19T03:40:36Z,2023-01-02T03:40:36Z
366,224,3544 Spring Ave,,Chester,HI,43357,US,Home,True,+13053617703,39.7555,-75.427987,Viktor Martinez,2022-05-04T14:51:10Z,2023-01-18T14:51:10Z
367,224,5711 Adams Pl,,Chester,HI,43357,US,Office,True,+13053617703,39.911402,-75.368488,Viktor Martinez,2023-03-24T14:51:10Z,2025-10-23T14:51:10Z
368,225,8379 Hill Cir,,Salem,RI,66270,US,Home,True,+14156757532,44.963676,-122.95965,Emily Kim,2019-10-31T06:46:31Z,2023-10-12T06:46:31Z
369,226,1226 Lincoln Way,,Clinton,RI,79109,US,Home,True,+14152863357,41.829041,-90.126021,Dorothy Singh,2022-12-02T11:23:09Z,2024-01-09T11:23:09Z
370,226,4497 Market Ave,Suite 616,Clinton,RI,79109,US,Shipping,True,+12019647416,41.818572,-90.173417,Dorothy Singh,2023-03-01T11:23:09Z,2023-04-06T11:23:09Z
371,226,2148 Church St,,Clinton,RI,79109,US,Billing,True,+16174304128,41.749824,-90.159745,Dorothy Singh,2022-07-24T11:23:09Z,2025-03-12T11:23:09Z
372,227,81 Adams St,Apt 114,Cambridge,MA,39667,US,Shipping,True,+14042738337,42.283201,-71.148842,Kenneth Hall,2022-08-10T01:25:19Z,2024-06-14T01:25:19Z
373,227,2791 Pine Cir,,Worcester,MA,64171,US,Billing,True,+14042738337,42.313207,-71.72474,Kenneth Hall,2023-08-27T01:25:19Z,2024-11-26T01:25:19Z
374,228,8421 River Ln,,Clinton,AL,71361,US,Home,True,+17183576365,41.873058,-90.119139,Donald Yamamoto,2018-02-15T02:16:49Z,2019-08-01T02:16:49Z
375,228,8413 Washington Way,Unit 434,Madison,AL,23377,US,Office,True,+17183576365,43.163399,-89.385752,Donald Yamamoto,2018-05-11T02:16:49Z,2023-07-12T02:16:49Z
376,229,8498 Market Ave,,Salem,AR,65389,US,Home,True,+14154466300,44.972169,-122.943306,Donald Williams,2023-01-14T16:28:22Z,2023-09-06T16:28:22Z
377,230,2790 River Ave,Unit 922,Seattle,WA,22352,US,Home,True,+14046221484,47.597243,-122.239651,Paul Walker,2024-03-04T22:25:25Z,2025-05-16T22:25:25Z
378,230,1262 Elm St,,Seattle,WA,22352,US,Shipping,True,+19497704641,47.622832,-122.334439,Paul Walker,2023-07-16T22:25:25Z,2024-11-10T22:25:25Z
379,230,3741 Sunset Pl,Suite 794,Tacoma,WA,74312,US,Office,True,+14046221484,47.313679,-122.477165,Paul Walker,2023-10-30T22:25:25Z,2025-05-10T22:25:25Z
380,231,8928 Highland Pl,Unit 910,Salem,OR,57109,US,Home,True,+14158244187,44.909139,-123.01727,George Zhang,2025-03-10T16:49:42Z,2025-08-15T16:49:42Z
381,231,2015 Market Ct,,Salem,OR,57109,US,Home,False,+14158244187,44.9123,-123.113062,Charles Liu,2025-01-01T16:49:42Z,2025-09-13T16:49:42Z
382,231,4748 Jefferson Pl,,Salem,OR,57109,US,Billing,True,+14158244187,44.900552,-122.975143,George Zhang,2025-01-02T16:49:42Z,2025-08-22T16:49:42Z
383,232,6329 Market Way,,Spokane,WA,66629,US,Shipping,True,+19499702921,47.578428,-117.473748,Mei Thomas,2023-04-02T00:03:16Z,2024-12-03T00:03:16Z
384,233,6897 Maple Blvd,,Greensboro,NC,71391,US,Shipping,True,+17135587549,36.033078,-79.843471,Dorothy Moore,2022-08-26T06:19:19Z,2024-09-28T06:19:19Z
385,234,9209 Jackson Ct,Suite 309,Georgetown,VT,17977,US,Shipping,True,+13058211537,38.235448,-84.515472,Raj Nguyen,2022-07-13T00:29:51Z,2025-04-01T00:29:51Z
386,234,2508 Jefferson Ave,,Riverside,VT,68171,US,Shipping,False,+13058211537,33.948048,-117.329655,Joshua Chen,2023-08-11T00:29:51Z,2023-10-06T00:29:51Z
387,235,1759 Highland Way,,Bristol,NM,48015,US,Shipping,True,+16177599693,41.601433,-72.992616,Nancy Walker,2022-12-23T14:54:42Z,2025-02-27T14:54:42Z
388,235,7283 Oak Rd,,Bristol,NM,48015,US,Home,True,+14154926232,41.716413,-72.993919,Nancy Walker,2023-01-31T14:54:42Z,2025-02-01T14:54:42Z
389,236,6616 Maple St,Suite 238,Fairview,ID,76450,US,Shipping,True,+15032884426,40.731908,-74.080956,Fatima Roberts,2023-09-09T23:36:21Z,2024-08-05T23:36:21Z
390,236,2851 Jackson Way,,Fairview,ID,76450,US,Office,True,+18584174545,40.725474,-73.979819,Fatima Roberts,2022-09-04T23:36:21Z,2022-11-19T23:36:21Z
391,236,9938 Franklin St,,Fairview,ID,76450,US,Home,True,+18584174545,40.852345,-74.026674,Fatima Roberts,2024-02-21T23:36:21Z,2025-09-30T23:36:21Z
392,237,9345 Forest Pl,#922,Columbus,OH,54657,US,Home,True,+14047724060,39.972939,-83.071225,Gary Khan,2020-03-29T16:51:50Z,2025-02-28T16:51:50Z
393,238,1817 Lincoln Ct,,Riverside,ME,80047,US,Shipping,True,+19494024996,34.050287,-117.365554,Elizabeth Hernandez,2020-09-06T07:03:38Z,2022-07-30T07:03:38Z
394,239,584 Forest Pl,Unit 442,Sacramento,CA,88400,US,Shipping,True,+19729796066,38.577119,-121.438092,Patricia Sanchez,2025-05-22T01:15:31Z,2025-05-27T01:15:31Z
395,240,245 Jackson Dr,,Riverside,IA,87151,US,Home,True,+12013905270,33.868622,-117.470857,Timothy Williams,2023-04-21T04:27:44Z,2024-02-04T04:27:44Z
396,240,4002 Park Blvd,,Riverside,IA,87151,US,Home,False,+12013905270,33.877775,-117.480839,Timothy Williams,2023-07-02T04:27:44Z,2025-01-08T04:27:44Z
397,241,7214 Franklin Ct,,Clinton,ND,49968,US,Shipping,True,+19173768063,41.746258,-90.121435,Amanda Lewis,2019-10-18T20:15:33Z,2022-11-29T20:15:33Z
398,242,936 Cedar Pl,Unit 880,Georgetown,RI,44410,US,Shipping,True,+19493816503,38.307978,-84.552348,David Davis,2024-12-20T12:24:28Z,2025-10-09T12:24:28Z
399,243,283 Highland St,,Fairview,TN,11617,US,Shipping,True,+13054574423,40.905777,-74.006158,Kimberly Lee,2021-03-19T00:17:51Z,2024-05-01T00:17:51Z
400,243,4530 Jefferson Pl,Apt 452,Madison,TN,39808,US,Office,True,+13054574423,43.025008,-89.402214,Kimberly Lee,2020-01-05T00:17:51Z,2021-12-19T00:17:51Z
401,244,3344 River Cir,Floor 42,Springfield,VA,88719,US,Shipping,True,+15034933744,39.766995,-89.693483,Michael Robinson,2024-08-31T14:37:20Z,2025-02-14T14:37:20Z
402,245,6244 Wilson Ave,,Chester,WY,86216,US,Home,True,+17139884786,39.941325,-75.257236,Viktor Patel,2019-12-19T11:02:18Z,2025-08-11T11:02:18Z
403,246,2053 Broadway Dr,,Georgetown,NT,C6Y 9C5,CA,Home,True,+16477076941,38.191323,-84.542349,Jessica Miller,2019-04-30T08:12:53Z,2022-03-31T08:12:53Z
404,247,5806 Pine Way,,Chandler,AZ,13136,US,Home,True,+14042612491,33.254487,-111.882622,Jessica Hernandez,2021-06-26T20:56:49Z,2023-05-16T20:56:49Z
405,247,742 Maple Rd,,Chandler,AZ,13136,US,Office,True,+14042612491,33.332366,-111.793161,Jessica Hernandez,2021-10-06T20:56:49Z,2023-05-21T20:56:49Z
406,247,9660 Sunset Ave,Apt 608,Chandler,AZ,13136,US,Home,False,+14042612491,33.340981,-111.850595,Jessica Hernandez,2021-06-10T20:56:49Z,2023-11-25T20:56:49Z
407,248,3665 Elm Ln,,Fairview,LA,90671,US,Shipping,True,+17022834385,40.764486,-73.980966,Emily Gonzalez,2021-02-06T16:37:32Z,2022-05-26T16:37:32Z
408,249,1909 Spring Ave,,Madison,NJ,24367,US,Home,True,+13055727939,43.017588,-89.48633,Anthony Schmidt,2025-10-16T17:34:51Z,2025-12-19T17:34:51Z
409,249,1214 Adams Rd,,Riverside,NJ,51618,US,Home,False,+13055727939,34.039774,-117.337361,Viktor Johnson,2025-10-18T17:34:51Z,2025-10-22T17:34:51Z
410,249,3608 Madison Dr,Suite 497,Madison,NJ,24367,US,Billing,True,+13055727939,43.119812,-89.44468,Margaret Smith,2025-10-18T17:34:51Z,2025-10-29T17:34:51Z
411,250,4054 Madison Way,Floor 21,Georgetown,RI,81226,US,Shipping,True,+18184478139,38.241923,-84.589784,Gary Clark,2022-12-29T12:40:37Z,2023-09-17T12:40:37Z
412,251,5402 Pine Cir,,Mesa,AZ,68672,US,Home,True,+17863856483,33.505256,-111.927276,Gary Wang,2019-07-16T13:03:35Z,2020-07-19T13:03:35Z
413,252,4052 Oak Ln,,Riverside,ND,75732,US,Shipping,True,+12132641955,34.015899,-117.420629,Amanda Rodriguez,2019-06-21T05:53:34Z,2020-12-09T05:53:34Z
414,253,3642 Market Pl,Unit 930,Madison,MD,70149,US,Shipping,True,+14152836169,43.113676,-89.399881,Ronald Mitchell,2017-04-23T23:53:34Z,2017-07-02T23:53:34Z
415,254,8085 Hill Way,Unit 855,Colorado Springs,CO,62847,US,Shipping,True,+19729030244,38.764022,-104.857111,Susan Ali,2022-04-17T11:30:36Z,2022-04-28T11:30:36Z
416,254,8008 Broadway Ct,Suite 330,Colorado Springs,CO,62847,US,Billing,True,+19729030244,38.830499,-104.810439,Susan Ali,2020-06-20T11:30:36Z,2025-08-19T11:30:36Z
417,255,8573 Madison Dr,,Salem,DE,48564,US,Shipping,True,+15126382880,45.033299,-123.060849,Timothy Taylor,2020-04-02T06:28:55Z,2023-01-26T06:28:55Z
418,255,2218 Elm Pl,,Salem,DE,48564,US,Shipping,False,+15126382880,44.906438,-123.099255,James Flores,2019-07-02T06:28:55Z,2020-04-01T06:28:55Z
419,256,3547 Hill Blvd,Apt 130,Georgetown,MD,91854,US,Shipping,True,+19724325636,38.269177,-84.541837,Betty Gonzalez,2022-05-27T19:10:04Z,2024-04-02T19:10:04Z
420,257,8695 Maple Cir,,Clinton,DE,83419,US,Shipping,True,+19175704802,41.933072,-90.099602,Diego Tanaka,2020-09-12T19:09:09Z,2022-04-03T19:09:09Z
421,258,4505 Franklin Ct,Unit 281,Bristol,NB,P9J 1M5,CA,Shipping,True,+16049642363,41.696854,-72.855072,Viktor Zhang,2019-01-28T05:01:55Z,2024-05-09T05:01:55Z
422,258,8939 Cedar St,#916,Bristol,NB,P9J 1M5,CA,Billing,True,+14165719324,41.712928,-73.013918,Gary Allen,2019-08-23T05:01:55Z,2020-07-27T05:01:55Z
423,259,1065 Washington Pl,Unit 86,Worcester,MA,86919,US,Home,True,+17136331377,42.197117,-71.893398,Olga Davis,2024-01-20T19:47:01Z,2024-08-10T19:47:01Z
424,259,53 Park Ln,,Cambridge,MA,84211,US,Home,False,+17136331377,42.387235,-71.070442,Olga Davis,2023-08-24T19:47:01Z,2023-11-22T19:47:01Z
425,260,3265 Elm Ln,Floor 6,Madison,MO,33331,US,Shipping,True,+15123177979,43.071077,-89.385461,Barbara White,2024-05-01T00:13:40Z,2025-10-18T00:13:40Z
426,260,602 Lincoln Way,#216,Madison,MO,33331,US,Home,True,+15123177979,43.059871,-89.371998,Barbara White,2024-10-19T00:13:40Z,2025-11-30T00:13:40Z
427,261,2667 Highland Pl,Apt 450,Georgetown,CT,11035,US,Shipping,True,+14045535024,38.271644,-84.568011,Wei Wright,2022-09-06T08:02:59Z,2024-12-01T08:02:59Z
428,262,2709 Highland St,,Franklin,OR,27025,US,Shipping,True,+17862756374,35.865181,-86.934486,Melissa Baker,2023-12-27T16:06:26Z,2024-03-18T16:06:26Z
429,262,2526 Madison Pl,,Franklin,OR,27025,US,Home,True,+17028614999,35.920569,-86.899958,Melissa Baker,2024-03-20T16:06:26Z,2025-10-04T16:06:26Z
430,263,2919 Wilson Dr,Unit 514,Sparks,NV,61622,US,Home,True,+19172601100,39.599548,-119.730587,Jacob Carter,2021-07-30T04:20:48Z,2022-01-04T04:20:48Z
431,264,8307 Church Ct,Floor 50,Riverside,NJ,55388,US,Shipping,True,+18056211597,33.864202,-117.411204,Matthew Garcia,2024-02-10T05:27:09Z,2024-06-07T05:27:09Z
432,265,9820 Madison Rd,Unit 692,Salem,NJ,16362,US,Shipping,True,+18054363187,44.902129,-122.971266,Melissa Tanaka,2019-04-18T05:27:34Z,2022-04-16T05:27:34Z
433,266,1657 Church Pl,,Clinton,SC,78623,US,Home,True,+19495845502,41.757753,-90.103212,John Ali,2020-09-12T23:02:34Z,2023-01-25T23:02:34Z
434,267,307 Market Blvd,Floor 41,Madison,ID,75740,US,Shipping,True,+12127071941,43.036732,-89.456935,Steven Hernandez,2021-06-14T08:19:39Z,2025-06-05T08:19:39Z
435,268,8677 Spring Ln,Unit 463,Salem,KY,14229,US,Home,True,+19492659416,44.9778,-123.129187,Andrew Zhang,2022-08-22T15:59:35Z,2023-07-29T15:59:35Z
436,269,1731 Madison Rd,,Salem,WV,82098,US,Home,True,+17864952996,44.949402,-123.09008,Rebecca Williams,2019-11-24T12:58:34Z,2025-06-11T12:58:34Z
437,270,7732 Madison Ave,,Chester,SC,20552,US,Shipping,True,+19726786411,39.754144,-75.335431,Laura Lee,2023-03-09T10:48:29Z,2025-01-06T10:48:29Z
438,270,2645 Highland Rd,,Bristol,SC,52300,US,Shipping,False,+19726786411,41.759228,-72.865023,Laura Lee,2021-05-05T10:48:29Z,2022-12-26T10:48:29Z
439,271,8752 Adams St,,Bristol,NB,C1B 7X7,CA,Home,True,+19052590269,41.737351,-73.037343,Ana Liu,2024-06-28T05:29:32Z,2024-08-07T05:29:32Z
440,272,9310 Hill Cir,Suite 152,Bristol,NJ,42077,US,Home,True,+15124872619,41.676156,-73.044112,Priya Khan,2024-09-24T18:48:50Z,2025-04-01T18:48:50Z
441,272,2594 Lincoln Ln,,Bristol,NJ,42077,US,Shipping,True,+15124872619,41.630776,-72.900553,Priya Khan,2024-06-21T18:48:50Z,2024-10-30T18:48:50Z
442,273,6224 Main Ave,Unit 212,Greensboro,NC,78594,US,Shipping,True,+17135170715,36.017462,-79.836337,Deborah Allen,2019-01-24T04:37:00Z,2021-04-09T04:37:00Z
443,274,4196 Jackson Blvd,,Chester,LA,80091,US,Shipping,True,+19179320030,39.879761,-75.406683,Olga Johnson,2025-05-22T07:47:12Z,2025-07-06T07:47:12Z
444,274,1497 Jackson Dr,,Chester,LA,80091,US,Billing,True,+19179320030,39.930828,-75.42919,Olga Johnson,2025-04-13T07:47:12Z,2025-05-14T07:47:12Z
445,275,4910 Hill Pl,Unit 695,Surrey,BC,J8A 5S9,CA,Shipping,True,+17806132271,49.203553,-122.887239,Nancy Ivanov,2021-01-16T20:04:12Z,2021-09-01T20:04:12Z
446,276,6492 Elm Blvd,,Bristol,ND,23489,US,Shipping,True,+16179780865,41.603227,-72.857959,Priya Tanaka,2023-11-16T09:06:59Z,2025-09-15T09:06:59Z
447,277,5274 Market Way,#757,Jacksonville,FL,45940,US,Shipping,True,+12018866353,30.27209,-81.712704,Paul Robinson,2021-12-23T04:19:21Z,2024-06-11T04:19:21Z
448,278,2487 Pine Cir,Suite 576,Bristol,MS,47255,US,Home,True,+13055958088,41.589401,-73.000255,Ashley Lee,2021-09-23T01:49:42Z,2024-11-06T01:49:42Z
449,278,1115 Adams Rd,,Bristol,MS,47255,US,Shipping,True,+13055958088,41.726341,-72.899845,Ashley Lee,2021-06-21T01:49:42Z,2022-07-03T01:49:42Z
450,278,3261 Madison Ln,Apt 144,Salem,MS,16295,US,Billing,True,+13055958088,44.928366,-122.973887,Melissa Williams,2020-08-09T01:49:42Z,2025-09-21T01:49:42Z
451,279,9425 River Ct,,Chicago,IL,99647,US,Shipping,True,+17868859832,41.916617,-87.565758,Robert Müller,2020-08-04T18:21:40Z,2025-07-30T18:21:40Z
452,279,6389 Main St,Floor 17,Chicago,IL,99647,US,Shipping,False,+17868859832,41.894975,-87.576244,Robert Müller,2021-02-25T18:21:40Z,2023-09-20T18:21:40Z
453,280,4442 Lake Dr,,Cincinnati,OH,19078,US,Shipping,True,+17029302753,39.008559,-84.436472,Ana Rivera,2019-08-01T04:13:19Z,2020-12-17T04:13:19Z
454,281,1488 Sunset Rd,,Clinton,WI,25775,US,Shipping,True,+18188212955,41.843747,-90.099721,Jeffrey Clark,2017-05-25T12:37:52Z,2017-06-23T12:37:52Z
455,282,4802 Spring Cir,,Franklin,AL,77976,US,Home,True,+14045062412,35.856597,-86.934416,Richard Rivera,2025-10-15T20:19:14Z,2025-11-03T20:19:14Z
456,283,6801 Broadway Ct,#829,Medicine Hat,AB,R9H 3E0,CA,Shipping,True,+16139526164,50.067871,-110.714114,Joseph Lee,2021-10-25T08:39:20Z,2023-04-04T08:39:20Z
457,284,2158 River Way,Suite 594,Austin,TX,53073,US,Shipping,True,+18057606579,30.314482,-97.67295,George Gonzalez,2021-05-23T04:14:32Z,2025-11-15T04:14:32Z
458,284,2985 Main Blvd,,Austin,TX,53073,US,Shipping,False,+14157274026,30.214766,-97.763747,George Gonzalez,2017-04-06T04:14:32Z,2023-09-05T04:14:32Z
459,284,9457 Church Ct,,Austin,TX,53073,US,Office,True,+18057606579,30.219761,-97.755127,George Gonzalez,2021-05-17T04:14:32Z,2022-12-10T04:14:32Z
460,285,1360 Sunset Blvd,#200,Riverside,NJ,25765,US,Shipping,True,+19177978521,33.881642,-117.360085,Carol Baker,2024-09-29T17:29:42Z,2024-10-07T17:29:42Z
461,286,7668 River Blvd,,Salem,SC,36502,US,Home,True,+19726982706,44.902899,-123.120126,Fatima Martin,2022-03-08T17:14:44Z,2025-12-05T17:14:44Z
462,286,971 Wilson Way,Floor 11,Salem,SC,36502,US,Office,True,+15122410305,45.004298,-122.944918,Fatima Martin,2020-06-04T17:14:44Z,2022-08-14T17:14:44Z
463,286,3169 Lake Rd,Unit 144,Salem,SC,36502,US,Billing,True,+15122410305,44.867594,-122.987169,Fatima Martin,2019-12-01T17:14:44Z,2022-03-23T17:14:44Z
464,287,7984 Wilson Ln,Apt 91,Springfield,LA,60004,US,Home,True,+18189018824,39.881221,-89.629437,Dorothy Johnson,2024-06-28T20:38:30Z,2025-07-04T20:38:30Z
465,288,6158 Jefferson Pl,,Buffalo,NY,87474,US,Home,True,+17867583696,42.919911,-78.96998,Sharon Patel,2024-08-06T23:46:17Z,2025-06-04T23:46:17Z
466,288,1556 Cedar Dr,#432,Buffalo,NY,87474,US,Shipping,True,+17867583696,42.930058,-78.970427,Sharon Patel,2025-01-23T23:46:17Z,2025-09-15T23:46:17Z
467,289,5711 Wilson Blvd,,Georgetown,AR,70057,US,Home,True,+15034655280,38.281129,-84.592547,Stephanie Kumar,2018-09-22T20:21:06Z,2024-10-04T20:21:06Z
468,289,1660 Jackson Ave,,Georgetown,AR,70057,US,Home,False,+15128447577,38.209239,-84.622062,Stephanie Kumar,2017-05-31T20:21:06Z,2019-09-06T20:21:06Z
469,291,3588 Lake Dr,,Bristol,IA,15344,US,Home,True,+17866666770,41.734105,-73.020225,Diego Yamamoto,2021-03-14T08:09:45Z,2022-07-26T08:09:45Z
470,292,4046 Broadway Cir,#726,Reno,NV,57777,US,Home,True,+15034685652,39.524748,-119.851103,Ahmed Harris,2023-09-23T18:56:57Z,2024-05-13T18:56:57Z
471,293,2185 Church Dr,,Tacoma,WA,84678,US,Home,True,+15129946957,47.214865,-122.404859,Chen Lewis,2022-10-16T14:31:37Z,2024-08-22T14:31:37Z
472,294,9405 Adams Way,,Franklin,WI,33755,US,Home,True,+12017447620,35.901358,-86.874018,Priya Wang,2020-06-14T00:39:03Z,2021-06-23T00:39:03Z
473,295,2825 Washington Cir,,Springfield,ND,10610,US,Home,True,+17025227546,39.788743,-89.554945,Omar Mitchell,2018-01-31T11:41:40Z,2025-09-29T11:41:40Z
474,295,2909 Sunset Blvd,,Springfield,ND,10610,US,Office,True,+17025227546,39.806117,-89.563041,Susan Hall,2018-03-20T11:41:40Z,2021-09-16T11:41:40Z
475,296,5252 Sunset Cir,,Joliet,IL,15451,US,Shipping,True,+17132491775,41.531385,-88.102863,Mei Perez,2023-05-29T10:29:59Z,2025-03-17T10:29:59Z
476,297,786 Broadway St,Unit 395,Tucson,AZ,21689,US,Shipping,True,+16179483414,32.160248,-110.881863,Laura Sanchez,2019-07-10T02:31:01Z,2024-05-20T02:31:01Z
477,298,5420 Elm Way,,Springfield,SC,15928,US,Home,True,+17183728303,39.756057,-89.582543,Daniel Schmidt,2016-05-10T14:11:57Z,2018-02-07T14:11:57Z
478,298,6928 Madison Cir,,Springfield,SC,15928,US,Home,False,+17183728303,39.743648,-89.562045,Daniel Schmidt,2019-10-09T14:11:57Z,2022-10-29T14:11:57Z
479,298,6179 Hill Dr,,Springfield,SC,15928,US,Home,False,+17183728303,39.801726,-89.624793,Daniel Schmidt,2018-04-28T14:11:57Z,2018-10-16T14:11:57Z
480,299,3312 Maple Pl,,Chester,ME,47544,US,Home,True,+16179176522,39.789758,-75.352055,Mark Martinez,2025-09-13T02:11:34Z,2025-11-12T02:11:34Z
481,300,6227 Pine Ln,,Franklin,AL,54741,US,Shipping,True,+15129732952,35.870147,-86.843457,Robert Roberts,2019-08-05T13:39:23Z,2024-07-06T13:39:23Z
482,300,9858 Sunset Ln,,Georgetown,AL,63729,US,Home,True,+15129732952,38.121143,-84.522347,Robert Roberts,2020-08-12T13:39:23Z,2023-08-11T13:39:23Z
483,300,5271 Spring St,Apt 701,Salem,AL,60793,US,Home,False,+15129732952,44.843584,-123.123416,Robert Roberts,2020-11-21T13:39:23Z,2021-07-24T13:39:23Z
484,301,6365 Hill Blvd,Apt 443,Bristol,MN,72800,US,Home,True,+13125810300,41.73289,-73.020503,Robert Martinez,2023-07-09T12:18:43Z,2024-09-01T12:18:43Z
485,302,2316 Forest Ave,,Rockford,IL,57633,US,Shipping,True,+18056598681,42.261564,-89.013065,Sandra Chen,2022-01-12T13:29:46Z,2022-04-26T13:29:46Z
486,302,6297 Sunset Way,Floor 45,Rockford,IL,99211,US,Office,True,+18056598681,42.304499,-89.139336,Sandra Chen,2020-08-05T13:29:46Z,2024-03-10T13:29:46Z
487,303,5040 Maple Rd,,Denver,CO,11136,US,Home,True,+12124780895,39.7023,-104.909397,Betty Martin,2022-12-30T15:20:39Z,2025-08-28T15:20:39Z
488,303,9206 Elm Blvd,Apt 546,Denver,CO,11136,US,Shipping,True,+12124780895,39.721136,-104.977967,Betty Martin,2023-07-04T15:20:39Z,2024-10-26T15:20:39Z
489,304,6450 Pine Ave,,Bristol,AK,98049,US,Home,True,+19494884245,41.729994,-72.915519,Ashley Anderson,2024-05-12T01:08:56Z,2025-04-05T01:08:56Z
490,305,515 Pine Cir,#20,Bristol,KY,66747,US,Shipping,True,+17022339367,41.632342,-73.009372,David Rivera,2025-04-27T18:26:10Z,2025-08-02T18:26:10Z
491,305,6147 River Rd,,Bristol,KY,66747,US,Shipping,False,+17022339367,41.728624,-72.967861,Kimberly Harris,2025-03-25T18:26:10Z,2025-05-31T18:26:10Z
492,306,5590 Jefferson Ave,Floor 22,San Francisco,CA,84961,US,Home,True,+15038533691,37.832126,-122.498233,Paul Hernandez,2025-04-30T10:55:32Z,2025-05-14T10:55:32Z
493,306,1330 Elm Ave,,Sacramento,CA,16553,US,Home,False,+15038533691,38.639919,-121.547785,Paul Hernandez,2025-04-19T10:55:32Z,2025-07-27T10:55:32Z
494,307,4862 Jefferson Way,,Riverside,DE,34667,US,Home,True,+14049118709,33.910381,-117.410895,Jacob Sanchez,2022-03-12T09:46:43Z,2023-07-18T09:46:43Z
495,308,3118 Lake Cir,Unit 420,Montreal,QC,N6C 5N7,CA,Shipping,True,+16138225963,45.494689,-73.574972,Steven Torres,2021-02-12T23:03:39Z,2023-09-19T23:03:39Z
496,308,6318 Market St,,Montreal,QC,N6C 5N7,CA,Shipping,False,+16138225963,45.477991,-73.49325,Steven Torres,2019-09-11T23:03:39Z,2024-03-04T23:03:39Z
497,309,9959 Park Blvd,Floor 14,North Las Vegas,NV,30948,US,Home,True,+18187585044,36.182169,-115.214906,Daniel Martin,2021-02-10T15:09:17Z,2024-08-26T15:09:17Z
498,309,7029 Jefferson Ave,,North Las Vegas,NV,30948,US,Home,False,+18187585044,36.167119,-115.142829,Daniel Martin,2020-02-08T15:09:17Z,2024-03-31T15:09:17Z
499,309,6063 Market Dr,Unit 705,Reno,NV,72414,US,Shipping,True,+18187585044,39.556374,-119.733432,Daniel Martin,2020-12-16T15:09:17Z,2024-01-26T15:09:17Z
500,310,2345 Spring St,,Franklin,NT,N2X 8T9,CA,Shipping,True,+17802561411,35.869767,-86.968289,Matthew Taylor,2023-12-09T18:39:15Z,2025-09-04T18:39:15Z
501,310,5244 Forest Rd,,Franklin,NT,N2X 8T9,CA,Shipping,False,+17802561411,35.989927,-86.839732,Matthew Taylor,2023-04-12T18:39:15Z,2024-02-08T18:39:15Z
502,311,4522 Washington Cir,,Franklin,NJ,68547,US,Shipping,True,+17186657895,35.85768,-86.943193,Matthew Müller,2017-02-06T09:16:13Z,2018-06-28T09:16:13Z
503,312,2293 Pine Ave,,Lowell,MA,84518,US,Home,True,+12129409318,42.721425,-71.369197,Carol Hernandez,2019-07-08T20:27:41Z,2023-07-22T20:27:41Z
504,313,5235 River Way,,Clinton,AR,72743,US,Shipping,True,+12122353796,41.876053,-90.284849,William Petrov,2024-04-05T12:44:09Z,2025-08-22T12:44:09Z
505,313,1114 Oak Dr,,Fairview,AR,20567,US,Billing,True,+14045331799,40.810893,-74.032324,William Petrov,2024-09-01T12:44:09Z,2025-11-26T12:44:09Z
506,313,8786 Main Cir,#384,Clinton,AR,72743,US,Shipping,False,+12122353796,41.773973,-90.248383,William Petrov,2024-09-15T12:44:09Z,2025-01-24T12:44:09Z
507,314,4135 Washington Pl,Apt 222,Clinton,VT,87759,US,Home,True,+16175027770,41.907917,-90.116628,Deborah Adams,2022-05-06T20:42:32Z,2025-02-22T20:42:32Z
508,314,2708 Forest Ct,,Clinton,VT,10035,US,Billing,True,+16175027770,41.757535,-90.267248,Kimberly Kim,2021-11-07T20:42:32Z,2025-04-28T20:42:32Z
509,315,498 Forest Blvd,Apt 743,Springfield,MD,25738,US,Home,True,+16173189824,39.728661,-89.576142,Emily Smith,2019-05-05T01:23:13Z,2025-08-04T01:23:13Z
510,316,7133 Broadway Ct,,Madison,SK,V4L 1L3,CA,Home,True,+14037785414,43.116214,-89.352695,Raj Yamamoto,2021-01-23T21:24:01Z,2023-02-07T21:24:01Z
511,316,8923 Elm Rd,,Madison,SK,V4L 1L3,CA,Home,False,+14037785414,43.083305,-89.472061,Raj Yamamoto,2021-05-27T21:24:01Z,2023-09-07T21:24:01Z
512,316,5693 Wilson Ln,Floor 35,Madison,SK,V4L 1L3,CA,Billing,True,+16475781322,43.165377,-89.483911,Raj Yamamoto,2020-11-16T21:24:01Z,2025-11-02T21:24:01Z
513,317,6117 Broadway Way,,London,ON,B9E 1L8,CA,Shipping,True,+14037372646,43.048772,-81.301486,Maria Perez,2018-08-06T19:21:34Z,2023-03-04T19:21:34Z
514,318,1984 Washington Blvd,,Salem,WI,49696,US,Shipping,True,+14156546347,44.978996,-123.121696,Chen Zhang,2024-04-19T00:57:50Z,2024-08-18T00:57:50Z
515,319,1541 Highland Way,,Chester,NT,E7P 8A6,CA,Shipping,True,+14166089013,39.797876,-75.2589,Stephanie Johnson,2017-07-12T09:27:39Z,2021-02-23T09:27:39Z
516,319,3549 Jefferson Way,Suite 608,Chester,NT,E7P 8A6,CA,Office,True,+14166089013,39.905767,-75.268592,Stephanie Johnson,2019-10-30T09:27:39Z,2020-08-08T09:27:39Z
517,320,2993 Lake Rd,,Bristol,NM,42642,US,Shipping,True,+13052851760,41.688514,-72.95063,Raj Roberts,2021-11-03T18:07:44Z,2024-05-01T18:07:44Z
518,320,2163 Jackson Cir,,Bristol,NM,42642,US,Shipping,False,+12015248938,41.645135,-72.909516,Raj Roberts,2017-12-15T18:07:44Z,2025-11-24T18:07:44Z
519,321,9538 Market Ave,,Joliet,IL,96489,US,Home,True,+19175131608,41.47145,-88.152223,Olga Wilson,2023-03-31T13:04:04Z,2025-05-03T13:04:04Z
520,321,200 Cedar Pl,,Joliet,IL,96489,US,Shipping,True,+19175131608,41.426771,-88.005623,Kathleen Ramirez,2023-04-04T13:04:04Z,2024-02-25T13:04:04Z
521,321,7844 Washington Ave,#649,Joliet,IL,96489,US,Billing,True,+12136007140,41.596739,-88.167516,Olga Wilson,2023-03-25T13:04:04Z,2025-08-19T13:04:04Z
522,322,8146 Wilson Ave,,Clinton,RI,26688,US,Shipping,True,+18187158119,41.748183,-90.275433,Priya Martinez,2024-07-14T20:23:14Z,2024-12-10T20:23:14Z
523,323,5312 Lake Cir,Unit 197,San Diego,CA,92460,US,Shipping,True,+15129836309,32.780847,-117.157566,Emily Kim,2020-09-16T17:38:20Z,2022-04-09T17:38:20Z
524,323,2282 Wilson Ln,Unit 730,San Diego,CA,92460,US,Home,True,+15129836309,32.679928,-117.101494,Emily Kim,2021-08-31T17:38:20Z,2024-07-31T17:38:20Z
525,324,3096 Hill Ct,,Grand Rapids,MI,43387,US,Shipping,True,+19722604401,43.061571,-85.651383,Donna Young,2018-08-09T20:51:31Z,2024-05-02T20:51:31Z
526,324,7008 Franklin Ct,,Grand Rapids,MI,43387,US,Shipping,False,+12122344223,42.940777,-85.744211,Donna Young,2018-01-24T20:51:31Z,2019-06-11T20:51:31Z
527,324,4545 Cedar Pl,,Detroit,MI,36855,US,Home,True,+19722604401,42.41655,-83.008455,Donna Young,2017-04-10T20:51:31Z,2024-09-04T20:51:31Z
528,325,6659 Lake Dr,,Springfield,SC,31023,US,Shipping,True,+12136791910,39.714829,-89.715391,Carol Scott,2022-05-21T18:48:17Z,2023-12-14T18:48:17Z
529,326,6188 Elm Way,Unit 362,Salem,NU,X6N 1V8,CA,Shipping,True,+14167758713,44.92392,-123.085347,Michelle Kumar,2019-01-09T07:06:54Z,2021-08-11T07:06:54Z
530,327,9058 Oak Ln,Unit 464,Franklin,NU,H4X 9J0,CA,Shipping,True,+19055058250,35.854906,-86.940573,Raj Young,2021-10-20T18:22:23Z,2023-05-13T18:22:23Z
531,327,2731 Sunset Ave,Apt 636,Franklin,NU,S3K 1J9,CA,Billing,True,+19055058250,35.882749,-86.87485,Raj Young,2019-10-16T18:22:23Z,2020-07-17T18:22:23Z
532,328,4576 Highland Dr,,Springfield,HI,71481,US,Shipping,True,+13129101268,39.823742,-89.607414,Daniel Thomas,2021-05-15T04:34:59Z,2024-12-15T04:34:59Z
533,328,2227 Main Ln,,Springfield,HI,71481,US,Office,True,+13129101268,39.817205,-89.671097,Daniel Thomas,2022-06-08T04:34:59Z,2024-09-12T04:34:59Z
534,329,2412 Highland Cir,,Madison,MO,58971,US,Home,True,+12014638596,43.122945,-89.371386,Chen Rivera,2023-12-13T08:33:59Z,2025-01-21T08:33:59Z
535,330,8398 Broadway Ct,Floor 23,Georgetown,AR,70960,US,Shipping,True,+17189441085,38.17609,-84.597232,Sandra Khan,2022-01-02T06:29:08Z,2022-12-07T06:29:08Z
536,330,9202 Hill St,Suite 646,Georgetown,AR,70960,US,Home,True,+17189441085,38.114628,-84.578618,Sandra Khan,2021-09-29T06:29:08Z,2023-09-09T06:29:08Z
537,331,2179 Washington Way,,Augusta,GA,35733,US,Shipping,True,+12137174717,33.457018,-81.945316,Michael Thomas,2016-04-03T21:49:35Z,2021-01-15T21:49:35Z
538,332,5417 Franklin Rd,,Georgetown,NJ,90844,US,Home,True,+17139135298,38.24335,-84.492228,Anthony Smith,2023-12-08T15:50:04Z,2025-08-07T15:50:04Z
539,332,7109 Forest Ln,#308,Georgetown,NJ,90844,US,Home,False,+17139135298,38.254655,-84.578358,Anthony Smith,2023-12-30T15:50:04Z,2024-09-18T15:50:04Z
540,333,6069 Cedar Ln,Floor 26,Georgetown,WY,17458,US,Shipping,True,+17865405143,38.227485,-84.578236,Mark Lewis,2025-09-06T03:44:34Z,2025-10-06T03:44:34Z
541,333,2609 Jefferson Rd,,Georgetown,WY,17458,US,Shipping,False,+17865405143,38.129932,-84.642838,Mark Lewis,2025-08-23T03:44:34Z,2025-08-24T03:44:34Z
542,333,2489 Oak St,,Madison,WY,99871,US,Office,True,+17865405143,43.16984,-89.427847,Mark Lewis,2025-09-03T03:44:34Z,2025-12-01T03:44:34Z
543,334,4649 Oak Way,,Sacramento,CA,89451,US,Home,True,+15123320316,38.614602,-121.455418,Jennifer Perez,2020-06-19T01:39:00Z,2023-01-01T01:39:00Z
544,335,9046 Jackson Cir,Suite 918,Georgetown,WY,51936,US,Home,True,+19494007008,38.204446,-84.652533,Donna Chen,2022-11-28T10:13:15Z,2025-02-05T10:13:15Z
545,336,4553 Washington Blvd,,Madison,HI,64499,US,Home,True,+12136084364,43.127272,-89.374892,Robert Allen,2025-11-24T12:50:45Z,2025-12-04T12:50:45Z
546,337,7595 Jefferson Cir,Unit 855,Springfield,YT,T9M 9T0,CA,Home,True,+17804790096,39.799879,-89.660246,James Wilson,2019-01-18T04:21:43Z,2019-06-25T04:21:43Z
547,338,3848 Church Pl,,Madison,WY,88675,US,Shipping,True,+12126166081,43.008547,-89.369979,Yuki Allen,2017-07-26T14:15:25Z,2025-04-01T14:15:25Z
548,339,55 Lake Ave,,Madison,WI,50565,US,Home,True,+19177801204,43.131985,-89.312327,Ashley Yamamoto,2023-01-03T05:42:18Z,2023-08-23T05:42:18Z
549,339,8759 Highland Pl,#285,Madison,WI,50565,US,Billing,True,+19177801204,43.044352,-89.482794,Ashley Yamamoto,2022-12-31T05:42:18Z,2025-03-04T05:42:18Z
550,339,299 Jefferson Ave,,Georgetown,WI,80098,US,Shipping,True,+19177801204,38.141868,-84.496256,Viktor Hall,2023-01-18T05:42:18Z,2025-09-24T05:42:18Z
551,340,6104 Franklin Rd,,Salem,NJ,52233,US,Shipping,True,+17133670281,45.010404,-122.941183,Deborah Kumar,2019-12-24T05:12:39Z,2020-12-07T05:12:39Z
552,341,4672 River Blvd,,Madison,SK,R3L 6S1,CA,Shipping,True,+16134670192,43.147001,-89.314918,Mohammed Anderson,2023-06-03T10:07:39Z,2024-06-08T10:07:39Z
553,342,1127 Cedar Cir,Floor 31,Salem,CT,15339,US,Shipping,True,+15032687940,45.0048,-123.053902,Jessica White,2016-02-24T08:19:53Z,2019-02-10T08:19:53Z
554,343,2232 Church Cir,,Medicine Hat,AB,L4V 9K0,CA,Shipping,True,+19053770059,50.056166,-110.722528,Kevin Perez,2023-10-20T00:30:13Z,2024-02-24T00:30:13Z
555,343,24 Cedar Way,,Medicine Hat,AB,L4V 9K0,CA,Home,True,+19053770059,50.07876,-110.661077,Kevin Perez,2023-11-14T00:30:13Z,2025-06-30T00:30:13Z
556,344,2391 Washington Way,Suite 502,Seattle,WA,58333,US,Shipping,True,+17025448781,47.603983,-122.377321,Thomas Garcia,2022-10-22T12:08:13Z,2024-03-21T12:08:13Z
557,345,7962 Church Dr,,Bristol,LA,61196,US,Shipping,True,+15123346021,41.682149,-72.920922,Linda Davis,2017-01-18T09:09:18Z,2018-04-12T09:09:18Z
558,346,6961 Hill Ln,,Bristol,MB,X1G 1N8,CA,Home,True,+19056764318,41.697569,-72.915333,Steven Gonzalez,2024-03-19T12:01:04Z,2025-10-18T12:01:04Z
559,347,9626 Market Ave,,Bristol,NB,S9C 2Y7,CA,Shipping,True,+15143851635,41.700404,-72.87134,Jacob Sanchez,2020-03-04T15:48:15Z,2021-03-21T15:48:15Z
560,348,7412 Broadway Blvd,Apt 643,Clinton,NU,S6E 2X9,CA,Home,True,+14039757877,41.856341,-90.15524,Jessica Lopez,2024-10-15T07:02:30Z,2025-01-11T07:02:30Z
561,348,2940 Washington Dr,Unit 472,Bristol,NU,E4P 5S2,CA,Shipping,True,+14039757877,41.616925,-73.022397,Jacob Carter,2024-08-10T07:02:30Z,2025-10-10T07:02:30Z
562,349,2821 Jefferson Ct,Unit 621,Reading,PA,53260,US,Shipping,True,+18053320343,40.278429,-75.880217,Melissa Jones,2020-07-17T02:48:10Z,2025-03-24T02:48:10Z
563,350,9944 Broadway Ave,#86,Richmond,BC,V7G 1X2,CA,Shipping,True,+17789346735,49.134422,-123.126087,Timothy Liu,2025-04-13T01:14:47Z,2025-08-24T01:14:47Z
564,350,7008 Forest Dr,Suite 716,Richmond,BC,V7G 1X2,CA,Shipping,False,+17789346735,49.170191,-123.108632,Timothy Liu,2025-02-24T01:14:47Z,2025-09-28T01:14:47Z
565,350,5274 Highland Blvd,,Richmond,BC,V7G 1X2,CA,Home,True,+17789346735,49.134136,-123.226979,Timothy Liu,2025-02-08T01:14:47Z,2025-02-21T01:14:47Z
566,351,2424 Jefferson Cir,,Georgetown,MN,59682,US,Shipping,True,+16176206177,38.167237,-84.554856,Patricia Hernandez,2023-09-21T02:05:44Z,2023-12-08T02:05:44Z
567,352,4415 Sunset Dr,,Aurora,CO,77618,US,Shipping,True,+15126446257,39.703313,-104.9221,Aisha Garcia,2021-12-24T00:02:38Z,2022-12-07T00:02:38Z
568,353,2908 Broadway Ct,,Salem,DE,43136,US,Home,True,+18583042405,45.02908,-123.031967,Jennifer Garcia,2021-09-20T19:54:39Z,2025-09-29T19:54:39Z
569,354,6393 Park Way,Unit 776,Franklin,VA,58268,US,Home,True,+18585614559,35.883222,-86.794207,William Chen,2023-05-03T12:39:43Z,2024-06-18T12:39:43Z
570,355,9996 Adams St,,London,ON,A4E 6K8,CA,Shipping,True,+14038417674,42.952886,-81.287361,Melissa Baker,2022-08-28T02:30:24Z,2024-04-15T02:30:24Z
571,355,3184 Sunset Ln,,London,ON,A4E 6K8,CA,Home,True,+17786351564,42.909336,-81.19961,Melissa Baker,2022-11-22T02:30:24Z,2023-06-19T02:30:24Z
572,356,6672 Wilson Pl,,Los Angeles,CA,90199,US,Shipping,True,+12016916481,34.057095,-118.342024,Ryan Liu,2022-04-27T06:15:37Z,2023-06-28T06:15:37Z
573,357,5100 Jefferson Ave,,Fairview,AL,99144,US,Shipping,True,+14155286332,40.886768,-73.974342,Susan Nelson,2022-06-26T00:15:44Z,2024-02-03T00:15:44Z
574,358,5530 Lake Ct,,Madison,WV,27046,US,Home,True,+18586497174,43.058834,-89.307942,Sandra Kim,2020-09-24T13:12:10Z,2020-12-27T13:12:10Z
575,358,6989 Wilson St,,Madison,WV,27046,US,Home,False,+12138863326,43.148066,-89.490123,Sandra Kim,2017-09-13T13:12:10Z,2021-10-01T13:12:10Z
576,359,9086 Main Pl,,Franklin,OK,91419,US,Shipping,True,+18583145005,35.981149,-86.900378,Patricia Roberts,2017-06-14T05:49:13Z,2022-10-19T05:49:13Z
577,360,6894 Wilson Cir,,Bristol,AK,43455,US,Home,True,+19498772331,41.646974,-72.893196,Edward Garcia,2022-01-09T01:06:42Z,2025-02-13T01:06:42Z
578,360,7475 Maple Pl,#803,Bristol,AK,43455,US,Home,False,+19498772331,41.64862,-72.858913,Edward Garcia,2021-10-02T01:06:42Z,2022-07-29T01:06:42Z
579,361,9203 Jackson Dr,,Fairview,NT,A9V 3R1,CA,Shipping,True,+17783162015,40.756679,-73.968171,John Müller,2025-10-17T05:56:12Z,2025-12-02T05:56:12Z
580,362,3550 Main Pl,,Cleveland,OH,66904,US,Home,True,+15122784312,41.484491,-81.659998,Sofia Williams,2025-03-01T11:26:56Z,2025-06-06T11:26:56Z
581,363,6379 Maple St,Floor 13,Bristol,HI,39325,US,Home,True,+12012401949,41.586811,-72.915637,Carol Thomas,2023-05-09T04:15:37Z,2025-01-24T04:15:37Z
582,363,6148 Sunset St,,Madison,HI,52125,US,Office,True,+12012054637,43.099072,-89.486567,Carol Thomas,2021-03-22T04:15:37Z,2023-10-06T04:15:37Z
583,364,8063 Jackson Ct,,Jacksonville,FL,63955,US,Home,True,+13127002227,30.416818,-81.559304,William King,2023-08-13T04:03:46Z,2025-07-29T04:03:46Z
584,364,8742 Hill Ave,,Jacksonville,FL,51182,US,Office,True,+17182911953,30.278623,-81.568252,Viktor Sanchez,2023-01-13T04:03:46Z,2023-12-29T04:03:46Z
585,365,806 Jackson Blvd,,Salem,MN,25894,US,Shipping,True,+13055616830,44.907505,-123.10693,Cynthia Hernandez,2023-09-18T03:05:38Z,2024-07-15T03:05:38Z
586,366,2989 Cedar Dr,Floor 37,Raleigh,NC,34464,US,Shipping,True,+12132117553,35.788825,-78.59129,Emily Torres,2020-10-11T03:25:30Z,2025-03-05T03:25:30Z
587,366,6980 Lake Pl,Apt 869,Raleigh,NC,34464,US,Shipping,False,+12132117553,35.788302,-78.539017,Emily Torres,2020-04-24T03:25:30Z,2020-08-21T03:25:30Z
588,366,376 Forest Cir,,Raleigh,NC,34464,US,Billing,True,+12132117553,35.760156,-78.552779,Emily Torres,2018-09-09T03:25:30Z,2023-10-10T03:25:30Z
589,367,1194 Sunset Blvd,#143,Austin,TX,11944,US,Shipping,True,+17026522084,30.232679,-97.763514,Sofia Wright,2024-12-17T00:23:48Z,2025-10-17T00:23:48Z
590,368,1377 Park Rd,,Clinton,SK,Y7L 9M2,CA,Home,True,+17809402872,41.851138,-90.197123,Lin Khan,2020-12-18T01:54:21Z,2025-03-05T01:54:21Z
591,368,3855 Broadway Way,,Clinton,SK,Y7L 9M2,CA,Office,True,+17809402872,41.849854,-90.094278,Laura Scott,2017-06-20T01:54:21Z,2017-10-05T01:54:21Z
592,369,3891 Spring St,,New York,NY,94319,US,Home,True,+19174669706,40.789404,-73.973286,Elizabeth Rodriguez,2022-11-09T17:31:24Z,2025-01-16T17:31:24Z
593,369,9326 Oak St,,Syracuse,NY,59090,US,Home,False,+19174669706,42.983281,-76.098105,Elizabeth Rodriguez,2022-08-06T17:31:24Z,2024-01-02T17:31:24Z
594,370,6375 Elm Cir,#227,Riverside,PE,N7H 5C5,CA,Home,True,+15146471465,34.026967,-117.451746,Ryan Kim,2021-04-07T05:40:15Z,2024-09-03T05:40:15Z
595,371,2701 Oak Dr,,Fairview,MD,25725,US,Shipping,True,+14155309563,40.853537,-73.985805,Mark Müller,2016-10-18T20:31:33Z,2025-09-10T20:31:33Z
596,371,5329 Park Ct,Unit 208,Franklin,MD,64982,US,Shipping,False,+18588914969,35.898322,-86.79168,Mark Müller,2017-12-15T20:31:33Z,2023-11-02T20:31:33Z
597,371,5199 Oak St,,Franklin,MD,24300,US,Billing,True,+18588914969,35.964525,-86.840238,Mark Müller,2016-11-16T20:31:33Z,2025-07-04T20:31:33Z
598,372,9562 Sunset Way,,Georgetown,WY,62716,US,Home,True,+14049467415,38.199756,-84.57086,Amanda Thompson,2023-08-23T18:33:30Z,2024-02-10T18:33:30Z
599,373,7015 River St,Apt 904,Lowell,MA,47753,US,Home,True,+14046211342,42.54128,-71.385011,Priya Baker,2022-12-13T10:46:37Z,2025-01-13T10:46:37Z
600,373,1192 Lake Blvd,,Lowell,MA,47753,US,Office,True,+14046211342,42.73164,-71.393053,Priya Baker,2023-01-01T10:46:37Z,2024-10-11T10:46:37Z
601,373,554 Sunset Dr,,Lowell,MA,47753,US,Shipping,True,+14046211342,42.681031,-71.279801,Priya Baker,2022-11-19T10:46:37Z,2024-08-01T10:46:37Z
602,374,1735 Jackson Blvd,Apt 130,Franklin,WV,58343,US,Home,True,+16173754484,35.865136,-86.940257,Diego Roberts,2020-03-26T15:54:44Z,2020-04-24T15:54:44Z
603,374,133 Maple Pl,Unit 502,Chester,WV,31634,US,Shipping,True,+16173754484,39.842237,-75.450855,Diego Roberts,2020-11-30T15:54:44Z,2023-07-23T15:54:44Z
604,375,7432 Church Pl,Apt 402,Jacksonville,FL,30284,US,Home,True,+19499903224,30.242819,-81.581894,Ryan Thompson,2021-01-23T08:47:23Z,2021-09-27T08:47:23Z
605,376,9464 Broadway Dr,Unit 274,Salem,SK,N2M 4Y8,CA,Shipping,True,+14033355277,44.926475,-123.037279,Ryan Ramirez,2025-08-10T18:41:37Z,2025-12-06T18:41:37Z
606,376,4749 Lake St,,Madison,SK,V2H 8T0,CA,Home,True,+15143983525,43.088622,-89.310585,Ryan Ramirez,2025-06-12T18:41:37Z,2025-11-05T18:41:37Z
607,377,729 Hill Pl,,Ottawa,ON,G3A 2G5,CA,Shipping,True,+16474930249,45.483667,-75.659997,Linda Nelson,2025-07-16T15:46:07Z,2025-11-25T15:46:07Z
608,378,9348 Maple St,,Fairview,OR,52039,US,Home,True,+13055860561,40.841182,-74.068704,Anthony Mitchell,2023-01-17T12:59:03Z,2024-12-30T12:59:03Z
609,378,4542 Franklin Pl,#844,Springfield,OR,20832,US,Shipping,True,+13055860561,39.79701,-89.551664,Anthony Mitchell,2021-08-03T12:59:03Z,2025-06-09T12:59:03Z
610,378,2379 Church St,,Fairview,OR,52039,US,Office,True,+13055860561,40.735712,-74.070719,Ryan Wang,2023-06-06T12:59:03Z,2025-05-09T12:59:03Z
611,379,5527 Washington Pl,Suite 467,Clinton,NH,35945,US,Shipping,True,+19728264386,41.872125,-90.155671,Sarah Miller,2017-12-27T03:24:25Z,2023-10-30T03:24:25Z
612,379,1646 Maple Ln,#700,Clinton,NH,35945,US,Shipping,False,+19728264386,41.846963,-90.104314,Sarah Miller,2021-02-12T03:24:25Z,2021-03-01T03:24:25Z
613,380,9007 River Pl,Unit 781,Erie,PA,12239,US,Home,True,+13053919843,42.214004,-80.142697,Karen Brown,2017-04-28T22:54:23Z,2020-03-25T22:54:23Z
614,381,4677 Oak Dr,Apt 631,Riverside,TN,54877,US,Home,True,+16177225317,33.925937,-117.315181,Kathleen Miller,2020-05-15T17:31:17Z,2025-06-07T17:31:17Z
615,382,4525 Wilson Ave,,Charlotte,NC,15076,US,Shipping,True,+14152223517,35.211861,-80.934575,William Mitchell,2018-04-08T13:53:11Z,2024-01-24T13:53:11Z
616,383,407 Main Cir,,Georgetown,ME,79559,US,Home,True,+15126127473,38.179587,-84.487419,George Ali,2021-10-23T10:45:03Z,2024-04-25T10:45:03Z
617,384,5413 Franklin Cir,Apt 815,Clinton,ND,28117,US,Shipping,True,+18182159220,41.765296,-90.199314,Steven Petrov,2019-12-14T21:51:55Z,2025-03-11T21:51:55Z
618,385,6472 Jefferson Pl,,Fairview,SC,75776,US,Home,True,+12128776585,40.840376,-73.972595,John King,2016-11-15T22:36:48Z,2022-01-25T22:36:48Z
619,385,6263 Jefferson Pl,,Salem,SC,73564,US,Home,False,+12128776585,45.03399,-123.105412,John King,2017-05-15T22:36:48Z,2017-12-02T22:36:48Z
620,386,6730 Oak Blvd,,Henderson,NV,13448,US,Shipping,True,+19179916448,36.071353,-114.955535,Ashley Robinson,2021-01-24T23:44:32Z,2024-08-01T23:44:32Z
621,386,1372 Lake Rd,,Henderson,NV,13448,US,Office,True,+12018131709,36.053812,-114.962605,Joseph Hernandez,2020-08-22T23:44:32Z,2023-02-26T23:44:32Z
622,387,6125 Highland St,,Riverside,WI,69151,US,Home,True,+17136378402,33.865643,-117.491061,Carlos Müller,2022-03-19T00:52:52Z,2022-06-22T00:52:52Z
623,387,2947 Washington Way,,Salem,WI,21014,US,Home,False,+17136378402,44.861201,-123.00551,Carlos Müller,2023-04-26T00:52:52Z,2023-10-04T00:52:52Z
624,387,4431 Elm Cir,,Riverside,WI,69151,US,Home,False,+18187574929,33.954237,-117.403528,Carlos Müller,2022-10-22T00:52:52Z,2025-01-02T00:52:52Z
625,388,9909 Market Ln,,Georgetown,IA,59464,US,Home,True,+17132897655,38.185063,-84.54994,Jason Brown,2021-12-09T02:50:37Z,2023-06-04T02:50:37Z
626,389,4236 Church Ct,#456,Madison,IA,80073,US,Shipping,True,+17186468640,43.093488,-89.48757,Priya Flores,2018-11-30T03:24:09Z,2025-11-25T03:24:09Z
627,390,4562 Wilson Ln,,Georgetown,KY,82914,US,Shipping,True,+16174295123,38.162237,-84.536044,Elizabeth Ramirez,2025-12-24T07:22:42Z,2025-12-25T00:00:00Z
628,390,9294 Market Way,,Georgetown,KY,82914,US,Shipping,False,+18582791847,38.257867,-84.479985,Elizabeth Ramirez,2025-12-24T07:22:42Z,2025-12-24T07:22:42Z
629,390,8956 Franklin St,,Georgetown,KY,82914,US,Billing,True,+18582791847,38.255697,-84.48604,Elizabeth Ramirez,2025-12-24T07:22:42Z,2025-12-24T07:22:42Z
630,391,5138 Madison St,#139,Bristol,OK,50844,US,Shipping,True,+12124946591,41.716276,-72.913395,Ashley Carter,2024-06-30T10:39:11Z,2025-11-01T10:39:11Z
631,392,8690 Lincoln Ln,Unit 943,Salem,AR,73636,US,Shipping,True,+12012412314,44.918167,-123.060091,Joseph Martinez,2019-01-31T19:34:48Z,2025-04-29T19:34:48Z
632,393,6247 Pine Blvd,,Winston-Salem,NC,13786,US,Shipping,True,+17863097698,36.067201,-80.286362,Edward Miller,2024-05-07T09:20:27Z,2025-06-17T09:20:27Z
633,394,1513 Spring Pl,,Georgetown,WI,90382,US,Home,True,+19172125946,38.16004,-84.499924,Brian Robinson,2021-12-12T05:54:11Z,2022-04-13T05:54:11Z
634,395,7844 River Dr,,Red Deer,AB,T3S 5H6,CA,Shipping,True,+16043235430,52.307387,-113.765301,Susan Tanaka,2024-07-27T17:08:12Z,2024-09-14T17:08:12Z
635,396,2293 Washington Blvd,,Georgetown,MD,47382,US,Shipping,True,+18054839872,38.306745,-84.602207,Olga Perez,2021-06-26T04:07:42Z,2024-12-06T04:07:42Z
636,396,1391 Highland Ct,,Georgetown,MD,47382,US,Billing,True,+18054839872,38.151056,-84.5264,Olga Perez,2022-02-02T04:07:42Z,2025-09-07T04:07:42Z
637,397,3761 River Pl,,Clinton,MO,15466,US,Home,True,+12012300009,41.770965,-90.163874,Lisa Brown,2023-04-29T05:52:04Z,2024-04-01T05:52:04Z
638,398,5252 Lake Cir,#468,Cincinnati,OH,18645,US,Home,True,+19496859350,39.195169,-84.509502,Olga Wilson,2021-10-01T16:18:32Z,2024-10-08T16:18:32Z
639,399,9802 Broadway Way,,Riverside,NM,45945,US,Shipping,True,+18057712841,33.888306,-117.46976,Jason Schmidt,2023-04-09T01:19:20Z,2025-08-07T01:19:20Z
640,400,1917 Main Blvd,Apt 17,Chester,ID,77460,US,Shipping,True,+12127970094,39.762206,-75.351296,Laura Lee,2019-04-12T03:41:42Z,2024-02-22T03:41:42Z
641,401,9017 Franklin Blvd,Unit 419,Madison,OK,51854,US,Shipping,True,+15037378383,43.146371,-89.38346,Patricia Schmidt,2025-08-08T21:30:45Z,2025-09-02T21:30:45Z
642,401,277 Highland Way,,Madison,OK,87113,US,Home,True,+15037378383,43.161792,-89.310701,Patricia Schmidt,2025-06-11T21:30:45Z,2025-10-01T21:30:45Z
643,402,9691 Hill Cir,,Madison,MS,21343,US,Shipping,True,+12137906248,43.077659,-89.498191,Jennifer Kumar,2021-02-28T02:04:00Z,2025-06-03T02:04:00Z
644,402,9077 Pine Way,,Madison,MS,21343,US,Shipping,False,+12137906248,43.097466,-89.469339,Jennifer Kumar,2021-05-31T02:04:00Z,2023-12-27T02:04:00Z
645,403,5874 Highland Pl,,Salem,NJ,13063,US,Home,True,+19723985982,45.009107,-123.097746,Ahmed Smith,2016-05-29T15:33:43Z,2019-10-20T15:33:43Z
646,404,4363 Elm Blvd,Floor 33,Chester,CT,98208,US,Shipping,True,+19173213440,39.867127,-75.365844,Ana Mitchell,2020-07-13T10:32:20Z,2024-07-28T10:32:20Z
647,405,2911 Sunset Blvd,,Calgary,AB,R4N 7L0,CA,Shipping,True,+16473440131,51.066905,-113.994415,Thomas Wilson,2022-12-07T01:20:27Z,2024-07-02T01:20:27Z
648,405,8466 Elm Blvd,,Calgary,AB,R4N 7L0,CA,Billing,True,+16132052403,50.992774,-114.14465,Thomas Wilson,2021-08-17T01:20:27Z,2022-01-12T01:20:27Z
649,406,7049 Lincoln Rd,,Mesa,AZ,39807,US,Shipping,True,+18052446610,33.316121,-111.834727,Kathleen Rodriguez,2023-01-26T01:05:07Z,2025-11-23T01:05:07Z
650,407,3313 Park Pl,Apt 37,Bristol,LA,25147,US,Home,True,+17869015664,41.623363,-73.040219,Dorothy Nguyen,2021-11-02T14:26:37Z,2024-12-25T14:26:37Z
651,407,1126 Highland Ln,Unit 449,Clinton,LA,65138,US,Home,False,+17869015664,41.809479,-90.105021,Dorothy Nguyen,2022-05-03T14:26:37Z,2022-09-03T14:26:37Z
652,407,638 Jackson Way,,Bristol,LA,25147,US,Billing,True,+17869015664,41.615606,-72.90575,Wei Harris,2021-07-22T14:26:37Z,2023-03-27T14:26:37Z
653,408,5461 Wilson Rd,Floor 45,Aurora,CO,62044,US,Shipping,True,+14043727969,39.691295,-104.926389,Daniel Green,2025-12-02T09:25:58Z,2025-12-05T09:25:58Z
654,408,1641 Highland Pl,,Denver,CO,68351,US,Shipping,False,+14043727969,39.667665,-104.929212,Daniel Green,2025-11-25T09:25:58Z,2025-11-26T09:25:58Z
655,409,9638 Hill Ct,,Springfield,NE,20346,US,Shipping,True,+17022931083,39.805227,-89.743702,Amy Gonzalez,2020-02-12T08:44:05Z,2020-08-09T08:44:05Z
656,409,2116 Highland Cir,,Springfield,NE,20346,US,Home,True,+17022931083,39.823359,-89.632123,Olga Brown,2020-08-01T08:44:05Z,2024-03-11T08:44:05Z
657,409,1078 Oak St,,Fairview,NE,11599,US,Home,False,+17022931083,40.755846,-74.041388,Olga Brown,2019-09-03T08:44:05Z,2020-12-31T08:44:05Z
658,410,7978 Lincoln Cir,Apt 408,Clinton,WI,58994,US,Shipping,True,+19494856049,41.856239,-90.100119,Robert Ramirez,2024-08-08T02:04:34Z,2024-09-07T02:04:34Z
659,411,5476 River St,Unit 849,Allentown,PA,39494,US,Home,True,+14044398043,40.510611,-75.491554,Jeffrey Yamamoto,2022-07-01T16:17:44Z,2024-04-02T16:17:44Z
660,411,8803 Hill Blvd,,Allentown,PA,39494,US,Shipping,True,+12012023312,40.640698,-75.475664,Jeffrey Yamamoto,2021-03-17T16:17:44Z,2022-06-08T16:17:44Z
661,412,2230 Jefferson St,Unit 981,Chester,NE,43197,US,Shipping,True,+15032116974,39.944655,-75.273281,Richard Rodriguez,2023-02-24T13:53:43Z,2025-09-04T13:53:43Z
662,413,1489 Spring Blvd,#7,Bristol,MB,P6X 3C4,CA,Shipping,True,+16475887006,41.607987,-72.96301,Nancy Lopez,2019-06-09T05:25:02Z,2020-07-18T05:25:02Z
663,414,9110 Sunset St,,Boulder,CO,51018,US,Shipping,True,+19729198097,40.065082,-105.215875,Lisa Rodriguez,2021-07-09T18:58:31Z,2024-03-15T18:58:31Z
664,414,8971 Church Cir,,Boulder,CO,51018,US,Shipping,False,+16179266486,40.031377,-105.190657,Lisa Rodriguez,2023-02-09T18:58:31Z,2025-12-17T18:58:31Z
665,415,1798 Maple Way,,Aurora,CO,46535,US,Home,True,+18184338417,39.820712,-104.816445,Michael Gonzalez,2024-08-14T05:00:03Z,2025-08-07T05:00:03Z
666,415,214 Pine St,,Aurora,CO,46535,US,Home,False,+18184338417,39.6848,-104.789021,Michael Gonzalez,2024-07-21T05:00:03Z,2025-03-02T05:00:03Z
667,415,5885 Pine Ave,Suite 43,Aurora,CO,46535,US,Billing,True,+18184338417,39.781261,-104.831232,Michael Gonzalez,2024-12-05T05:00:03Z,2025-05-25T05:00:03Z
668,416,9537 Jackson Pl,Apt 270,Riverside,RI,64488,US,Home,True,+12135939931,33.902888,-117.303128,Ronald Sanchez,2023-10-17T19:14:59Z,2023-12-24T19:14:59Z
669,417,4702 Wilson Ln,Apt 452,Salem,IA,30050,US,Shipping,True,+12136784257,45.035962,-123.056797,Karen Hernandez,2021-01-04T00:32:03Z,2024-11-06T00:32:03Z
670,418,8746 Jackson Ct,,Clinton,NL,S3N 9N4,CA,Home,True,+15142850704,41.860824,-90.151251,Mark Patel,2017-06-04T14:12:08Z,2025-09-20T14:12:08Z
671,418,5098 Adams Ave,,Clinton,NL,S3N 9N4,CA,Home,False,+17809945980,41.818053,-90.244579,Mark Patel,2020-01-06T14:12:08Z,2023-10-24T14:12:08Z
672,419,7431 Church Cir,,Tacoma,WA,58469,US,Shipping,True,+18058529373,47.29701,-122.346227,Ryan White,2021-09-10T07:15:16Z,2025-04-03T07:15:16Z
673,419,7154 Spring Cir,,Tacoma,WA,58469,US,Office,True,+12135614718,47.231505,-122.358061,Ryan White,2020-12-23T07:15:16Z,2025-05-02T07:15:16Z
674,420,222 Highland Ln,Unit 796,Springfield,MA,85460,US,Home,True,+16172441569,42.144981,-72.49234,Anthony Scott,2016-09-26T17:44:58Z,2018-10-09T17:44:58Z
675,421,297 Main Pl,,Springfield,VA,69350,US,Home,True,+19495461552,39.827874,-89.650964,Charles Thomas,2024-11-24T03:19:49Z,2025-05-25T03:19:49Z
676,422,7422 Pine Cir,,Springfield,HI,79341,US,Shipping,True,+17868682638,39.818094,-89.668752,Ahmed Ali,2017-11-05T06:23:52Z,2023-02-04T06:23:52Z
677,423,2023 Wilson Dr,,Georgetown,ID,70701,US,Shipping,True,+14153005920,38.215617,-84.533791,Robert Sanchez,2024-03-30T14:59:34Z,2025-08-18T14:59:34Z
678,424,8556 Jefferson Cir,Unit 373,Dallas,TX,40753,US,Home,True,+13123417473,32.847273,-96.758762,Timothy Hall,2021-05-09T23:01:38Z,2022-08-06T23:01:38Z
679,425,9071 Lake Pl,,Joliet,IL,15056,US,Home,True,+13052118778,41.551424,-88.145123,Sandra Singh,2020-10-07T12:05:58Z,2025-08-01T12:05:58Z
680,426,6636 Oak Way,#346,Toronto,ON,E5L 3P8,CA,Home,True,+12503294219,43.595413,-79.351982,Viktor Kumar,2024-04-14T12:30:12Z,2024-12-18T12:30:12Z
681,427,6543 Lake Cir,,Worcester,MA,11776,US,Shipping,True,+12133843409,42.257305,-71.829225,Kathleen Young,2018-05-26T12:43:50Z,2021-12-01T12:43:50Z
682,427,5218 Hill Cir,Suite 960,Worcester,MA,11776,US,Shipping,False,+12133843409,42.176059,-71.885004,Kathleen Young,2019-07-19T12:43:50Z,2020-05-08T12:43:50Z
683,428,1472 Pine Ln,Suite 586,Salem,HI,30748,US,Home,True,+12012596603,44.89163,-122.99181,Carol Nelson,2019-07-03T18:46:24Z,2024-01-10T18:46:24Z
684,429,8925 Market Rd,Suite 964,Salem,TN,98467,US,Shipping,True,+12015861966,44.969093,-123.020767,Ryan Chen,2019-09-30T05:27:31Z,2023-03-17T05:27:31Z
685,429,6263 River Ln,#689,Salem,TN,98467,US,Home,True,+12015861966,44.958544,-123.068126,Ryan Chen,2017-02-19T05:27:31Z,2018-07-14T05:27:31Z
686,430,6569 Park Cir,,Franklin,AL,65163,US,Shipping,True,+19175894555,35.915128,-86.906998,Mei Rodriguez,2024-03-06T12:17:18Z,2025-05-09T12:17:18Z
687,430,554 Hill Rd,Floor 23,Franklin,AL,65163,US,Shipping,False,+19175894555,35.869218,-86.929064,Mei Rodriguez,2024-11-17T12:17:18Z,2025-11-30T12:17:18Z
688,431,4752 Sunset Cir,,Franklin,ND,70643,US,Home,True,+17867657454,35.993199,-86.81621,Jason White,2023-01-21T20:22:08Z,2025-04-05T20:22:08Z
689,431,4064 Park Rd,,Franklin,ND,70643,US,Home,False,+17867657454,36.013519,-86.910468,Jason White,2021-12-17T20:22:08Z,2023-09-07T20:22:08Z
690,431,5003 Jefferson Ave,#604,Fairview,ND,43879,US,Home,False,+17867657454,40.761092,-73.961063,Jason White,2022-02-11T20:22:08Z,2025-05-10T20:22:08Z
691,432,7300 Pine St,,Chester,WY,86367,US,Home,True,+18584917118,39.772629,-75.359953,Paul Wang,2022-12-19T17:10:09Z,2025-08-25T17:10:09Z
692,432,6764 Spring Rd,,Chester,WY,86367,US,Shipping,True,+15122836838,39.921429,-75.430568,Paul Wang,2023-07-13T17:10:09Z,2023-07-23T17:10:09Z
693,432,4988 Church Ave,#229,Chester,WY,86367,US,Billing,True,+15122836838,39.914192,-75.427413,Paul Wang,2023-11-04T17:10:09Z,2024-02-21T17:10:09Z
694,433,5907 Broadway Ln,Unit 407,Springfield,NM,82794,US,Shipping,True,+17868762597,39.759277,-89.733172,Cynthia Nelson,2024-06-09T12:12:21Z,2025-12-16T12:12:21Z
695,433,3008 Washington Way,Suite 35,Springfield,NM,82794,US,Shipping,False,+17868762597,39.720681,-89.658596,Cynthia Nelson,2024-05-19T12:12:21Z,2025-02-14T12:12:21Z
696,433,3801 Madison Ct,,Springfield,NM,82794,US,Shipping,False,+17868762597,39.82999,-89.615141,Cynthia Nelson,2025-01-17T12:12:21Z,2025-08-07T12:12:21Z
697,434,6007 Oak Blvd,#625,Riverside,ME,71055,US,Shipping,True,+15123579773,34.042164,-117.411775,Patricia Jones,2020-05-31T22:45:57Z,2021-06-06T22:45:57Z
698,435,7838 Jefferson Cir,Unit 256,Los Angeles,CA,97861,US,Shipping,True,+17868570907,34.131929,-118.332367,Christopher Sanchez,2024-04-13T07:00:08Z,2025-04-27T07:00:08Z
699,436,8954 Highland Ave,,Springfield,YT,C8H 3G4,CA,Shipping,True,+14169391035,39.776957,-89.622888,Daniel Robinson,2019-09-09T07:01:13Z,2023-04-16T07:01:13Z
700,436,9843 Elm Ln,Unit 656,Springfield,YT,C8H 3G4,CA,Home,True,+14169391035,39.789065,-89.566,Daniel Robinson,2017-10-10T07:01:13Z,2025-05-16T07:01:13Z
701,436,1051 Elm Blvd,Apt 822,Springfield,YT,C8H 3G4,CA,Billing,True,+14169391035,39.838088,-89.681452,Daniel Robinson,2019-02-14T07:01:13Z,2025-02-08T07:01:13Z
702,437,4126 Adams Rd,Unit 753,Hamilton,ON,B2T 1V4,CA,Shipping,True,+14168693586,43.33285,-79.818236,Wei Jackson,2022-10-30T18:49:04Z,2023-05-26T18:49:04Z
703,438,304 Park Pl,,Aurora,IL,10197,US,Home,True,+19178848912,41.760419,-88.300256,Amy Roberts,2018-11-22T05:01:23Z,2019-01-09T05:01:23Z
704,439,5877 Lincoln Blvd,Apt 908,Georgetown,RI,64278,US,Shipping,True,+15034248209,38.189673,-84.550753,Lisa Johnson,2023-01-27T11:04:39Z,2023-10-28T11:04:39Z
705,440,444 Franklin Pl,Suite 210,Madison,SC,97042,US,Home,True,+14042358574,43.11787,-89.456593,Christopher Martin,2020-06-19T01:09:37Z,2024-09-23T01:09:37Z
706,440,3678 Adams Blvd,Apt 182,Madison,SC,97042,US,Billing,True,+14042358574,42.991972,-89.335433,Christopher Martin,2017-11-16T01:09:37Z,2022-01-18T01:09:37Z
707,441,2189 Madison St,Floor 37,Philadelphia,PA,79578,US,Shipping,True,+17024199022,40.038214,-75.082087,Joseph Mitchell,2022-05-27T15:25:19Z,2024-11-17T15:25:19Z
708,442,3555 Cedar Ln,,San Francisco,CA,33989,US,Shipping,True,+12135951532,37.862432,-122.335993,Kenneth Adams,2021-05-06T12:47:19Z,2025-09-04T12:47:19Z
709,443,6489 Washington Ave,Apt 335,Franklin,WV,10279,US,Shipping,True,+12122045152,35.987023,-86.914869,Diego Ali,2023-02-23T19:17:36Z,2024-06-18T19:17:36Z
710,443,2652 Market Cir,#786,Franklin,WV,10279,US,Billing,True,+12122045152,35.837028,-86.889278,Diego Ali,2023-08-14T19:17:36Z,2024-10-29T19:17:36Z
711,444,4061 Market Pl,Apt 1,Riverside,WV,76277,US,Shipping,True,+17027326763,34.047929,-117.458226,Sharon Young,2025-05-09T16:39:57Z,2025-09-15T16:39:57Z
712,445,6066 Lincoln Blvd,#536,Springfield,WI,63223,US,Home,True,+18186135653,39.70179,-89.619262,Mark Martin,2022-11-15T11:57:11Z,2024-04-04T11:57:11Z
713,446,5048 Jefferson Pl,,Franklin,SK,R7P 7Y6,CA,Shipping,True,+15147130770,36.003322,-86.936398,Cynthia Khan,2023-09-14T03:22:37Z,2024-04-29T03:22:37Z
714,447,7493 Park Ct,Unit 703,Riverside,MD,67392,US,Home,True,+19497190332,33.976861,-117.382004,Viktor Johnson,2022-08-19T19:01:28Z,2024-03-05T19:01:28Z
715,448,515 Elm Way,Floor 26,Franklin,RI,96885,US,Shipping,True,+18588762925,35.905143,-86.858325,Elena Müller,2018-08-01T14:33:40Z,2018-10-14T14:33:40Z
716,448,4140 Spring Pl,Suite 1,Franklin,RI,96885,US,Billing,True,+18588762925,35.933025,-86.857791,Elena Müller,2021-12-21T14:33:40Z,2022-03-15T14:33:40Z
717,448,9029 Lake Cir,,Franklin,RI,96885,US,Home,True,+15032122212,35.991782,-86.820197,Elena Müller,2018-11-01T14:33:40Z,2025-01-14T14:33:40Z
718,449,320 Franklin Ave,,Joliet,IL,80957,US,Home,True,+16175623821,41.457399,-88.006063,Karen Ali,2017-07-31T01:43:22Z,2017-12-05T01:43:22Z
719,449,2014 Oak Dr,Unit 311,Joliet,IL,80957,US,Billing,True,+16175623821,41.475413,-88.061409,Karen Ali,2017-08-17T01:43:22Z,2022-01-14T01:43:22Z
720,450,8175 Park Ct,,Riverside,ID,89821,US,Shipping,True,+12014783216,33.914015,-117.438485,Jason Chen,2021-01-22T04:50:49Z,2023-02-23T04:50:49Z
721,451,7739 Lake Blvd,,Springfield,RI,10435,US,Shipping,True,+15035308353,39.774363,-89.718689,Dorothy Perez,2019-01-16T10:00:31Z,2025-01-19T10:00:31Z
722,451,9105 River Rd,,Fairview,RI,55387,US,Home,True,+15035308353,40.846319,-74.068138,Dorothy Perez,2018-04-23T10:00:31Z,2021-10-24T10:00:31Z
723,451,8016 Spring Cir,Apt 57,Springfield,RI,10435,US,Billing,True,+15035308353,39.692145,-89.579764,Dorothy Perez,2017-10-15T10:00:31Z,2021-11-10T10:00:31Z
724,452,497 Lake Dr,Suite 432,Bristol,OR,36140,US,Shipping,True,+15124427536,41.588429,-72.891797,Laura Zhang,2022-09-21T06:22:49Z,2024-01-24T06:22:49Z
725,453,7908 Sunset St,#885,Riverside,ID,68349,US,Home,True,+18182735029,33.874776,-117.411229,Omar White,2022-05-04T05:51:58Z,2023-05-24T05:51:58Z
726,453,7254 Jackson Way,,Riverside,ID,68349,US,Home,False,+16175427532,33.932798,-117.309772,Omar White,2021-11-13T05:51:58Z,2023-02-15T05:51:58Z
727,453,9431 Hill Way,,Riverside,ID,68349,US,Billing,True,+16175427532,34.047634,-117.427909,Omar White,2022-09-16T05:51:58Z,2025-12-06T05:51:58Z
728,454,7177 Elm Pl,,Madison,MO,77449,US,Shipping,True,+18584495953,43.047287,-89.346174,Robert Anderson,2020-04-21T18:01:34Z,2023-12-27T18:01:34Z
729,454,2072 Sunset Ave,,Franklin,MO,70654,US,Home,True,+12138878672,35.839391,-86.819862,Robert Anderson,2021-08-27T18:01:34Z,2024-09-03T18:01:34Z
730,455,3566 Franklin St,#350,Clinton,LA,65765,US,Shipping,True,+18188379951,41.892397,-90.118916,Sarah Hill,2025-02-27T02:29:00Z,2025-04-09T02:29:00Z
731,456,1466 Franklin Rd,,Georgetown,MS,29373,US,Home,True,+19179226308,38.217492,-84.655166,Mary Green,2025-06-16T00:47:50Z,2025-10-12T00:47:50Z
732,457,5370 Oak Blvd,Floor 26,Springfield,OR,79614,US,Shipping,True,+17028931941,39.695636,-89.68145,Ronald Williams,2024-10-20T18:05:00Z,2025-12-01T18:05:00Z
733,457,6588 Pine Ct,Unit 522,Springfield,OR,79614,US,Billing,True,+17028931941,39.761889,-89.701031,Ronald Williams,2024-04-27T18:05:00Z,2024-12-30T18:05:00Z
734,458,3932 Forest Ct,Apt 876,Riverside,DE,59785,US,Home,True,+16174064430,33.884982,-117.3773,James Nelson,2024-10-01T02:23:40Z,2025-04-12T02:23:40Z
735,458,2902 Sunset Ave,Unit 263,Salem,DE,91717,US,Shipping,True,+16174064430,44.858209,-122.95644,Dorothy Clark,2024-10-25T02:23:40Z,2025-06-18T02:23:40Z
736,459,3464 Main Cir,,Madison,SD,98661,US,Shipping,True,+19727257108,43.132558,-89.417522,Olga Hill,2025-11-14T03:02:12Z,2025-11-30T03:02:12Z
737,460,1732 Wilson Way,,Bristol,DE,44849,US,Home,True,+14152178450,41.735952,-72.894168,James Thompson,2025-07-15T19:32:29Z,2025-09-04T19:32:29Z
738,460,8565 Maple Pl,,Bristol,DE,44849,US,Billing,True,+14152178450,41.660437,-72.899817,James Thompson,2025-09-14T19:32:29Z,2025-10-12T19:32:29Z
739,460,7781 Highland St,,Springfield,DE,24774,US,Shipping,True,+14152178450,39.802709,-89.625562,James Thompson,2025-08-24T19:32:29Z,2025-09-17T19:32:29Z
740,461,3936 Broadway Ave,Floor 40,Madison,WI,18688,US,Shipping,True,+12012474770,43.035013,-89.31025,Rebecca Williams,2018-10-10T05:02:59Z,2020-05-22T05:02:59Z
741,462,6269 Sunset Way,Floor 4,Clinton,VT,32595,US,Shipping,True,+17862836166,41.836978,-90.258838,Cynthia Brown,2023-11-28T12:16:55Z,2025-03-01T12:16:55Z
742,463,3105 Wilson St,,Buffalo,NY,27899,US,Shipping,True,+17028693617,42.820733,-78.959695,Karen Jones,2020-07-12T13:46:08Z,2023-07-24T13:46:08Z
743,464,6670 Oak Blvd,,New York,NY,84642,US,Shipping,True,+14046589891,40.764715,-74.047373,Priya Tanaka,2021-06-28T03:01:51Z,2022-03-24T03:01:51Z
744,465,4917 Jackson Pl,Suite 277,Georgetown,TN,51393,US,Home,True,+13053884494,38.299404,-84.493868,Chen Kim,2020-01-15T02:09:46Z,2023-12-21T02:09:46Z
745,465,9421 Madison Ave,#596,Georgetown,TN,51393,US,Shipping,True,+13053884494,38.127984,-84.498215,Andrew Wang,2021-01-20T02:09:46Z,2023-04-28T02:09:46Z
746,466,715 Oak Way,,Boulder,CO,24357,US,Shipping,True,+19492272873,40.06022,-105.264683,Sofia Singh,2020-11-07T04:13:29Z,2023-01-20T04:13:29Z
747,467,33 Oak St,#386,Clinton,HI,74443,US,Home,True,+13129266379,41.791733,-90.230362,Thomas Sanchez,2020-04-10T16:27:17Z,2025-05-11T16:27:17Z
748,467,8457 Sunset Cir,,Clinton,HI,74443,US,Shipping,True,+12135225277,41.759996,-90.238275,Thomas Sanchez,2020-04-16T16:27:17Z,2020-04-26T16:27:17Z
749,467,2495 Lake Blvd,,Bristol,HI,79721,US,Billing,True,+13129266379,41.720233,-72.932906,Thomas Sanchez,2021-04-02T16:27:17Z,2025-04-29T16:27:17Z
750,468,1575 Sunset Ave,#569,Clinton,IA,66958,US,Shipping,True,+13059468533,41.871152,-90.149839,Jennifer Roberts,2022-01-06T02:54:55Z,2024-10-28T02:54:55Z
751,468,2459 Main Dr,,Clinton,IA,66958,US,Home,True,+13059468533,41.874946,-90.275017,Jennifer Roberts,2021-08-30T02:54:55Z,2023-06-24T02:54:55Z
752,468,7316 River Way,,Clinton,IA,66958,US,Billing,True,+13059468533,41.792077,-90.172299,Jennifer Roberts,2023-01-24T02:54:55Z,2024-08-05T02:54:55Z
753,469,2228 Highland Dr,,Franklin,AL,61259,US,Home,True,+17135812067,35.896802,-86.774712,Charles Miller,2024-03-28T00:51:08Z,2025-02-10T00:51:08Z
754,470,2349 Highland Ave,Suite 206,Riverside,NT,B1T 3K0,CA,Shipping,True,+17805577494,34.050022,-117.47077,John Johnson,2025-10-14T04:35:44Z,2025-12-07T04:35:44Z
755,471,4913 Church St,Apt 341,Salem,MD,16029,US,Home,True,+15123970303,44.89022,-123.06191,Michelle Ivanov,2024-04-03T13:27:48Z,2024-10-29T13:27:48Z
756,471,6912 Maple Ct,,Salem,MD,16029,US,Shipping,True,+14045307133,44.875536,-123.07153,Patricia King,2023-05-22T13:27:48Z,2025-06-27T13:27:48Z
757,471,63 Sunset Way,,Salem,MD,16029,US,Billing,True,+19729376279,44.920385,-123.064884,Thomas Scott,2024-03-23T13:27:48Z,2025-05-06T13:27:48Z
758,472,6200 Broadway Blvd,,Franklin,MD,26456,US,Home,True,+15034627370,35.855263,-86.901644,Jeffrey Wang,2024-10-02T19:18:30Z,2025-05-11T19:18:30Z
759,473,4711 Sunset Pl,,Athens,GA,42647,US,Home,True,+12019190501,33.996703,-83.351953,Amanda Lee,2025-11-24T12:42:44Z,2025-12-12T12:42:44Z
760,474,8278 Church St,,Fairview,MD,79191,US,Home,True,+17862035159,40.753127,-74.089704,Stephanie Chen,2024-06-09T03:02:11Z,2024-09-24T03:02:11Z
761,474,9903 Oak Ave,Unit 34,Fairview,MD,79191,US,Billing,True,+17862035159,40.754571,-73.918403,Stephanie Chen,2024-10-27T03:02:11Z,2025-12-17T03:02:11Z
762,475,5975 Main Ave,Floor 15,Springfield,SC,76496,US,Shipping,True,+15122826463,39.749239,-89.71697,Amy Gonzalez,2020-04-27T01:49:47Z,2020-07-28T01:49:47Z
763,475,7269 Sunset St,,Springfield,SC,76496,US,Billing,True,+15122826463,39.801449,-89.738852,Amy Gonzalez,2020-12-03T01:49:47Z,2023-07-19T01:49:47Z
764,476,8996 Spring Rd,,Springfield,IA,68642,US,Home,True,+14158697486,39.875756,-89.743804,Jason Brown,2021-03-22T04:08:57Z,2024-11-14T04:08:57Z
765,476,3495 Church Blvd,Apt 401,Springfield,IA,68642,US,Home,False,+17866694753,39.839568,-89.67321,Jason Brown,2022-06-01T04:08:57Z,2025-07-04T04:08:57Z
766,477,73 Forest St,Unit 48,Atlanta,GA,52186,US,Shipping,True,+12128172336,33.844845,-84.297002,Ronald Tanaka,2022-03-14T02:27:39Z,2023-08-24T02:27:39Z
767,477,1844 Jefferson Pl,,Atlanta,GA,52186,US,Home,True,+12128172336,33.706712,-84.316944,Ronald Tanaka,2022-02-02T02:27:39Z,2022-06-17T02:27:39Z
768,478,4525 Forest Way,Suite 503,Fairview,IA,53253,US,Home,True,+15034599278,40.813713,-73.940523,Kenneth Tanaka,2020-12-04T07:02:09Z,2025-09-21T07:02:09Z
769,479,4796 Market Rd,,Springfield,SD,98007,US,Shipping,True,+19725874360,39.76627,-89.657585,Carol Adams,2021-07-08T02:57:28Z,2021-09-21T02:57:28Z
770,480,2967 Church St,Suite 341,Franklin,WY,67973,US,Home,True,+16178889882,35.877012,-86.818552,Laura White,2022-01-06T12:51:16Z,2024-04-09T12:51:16Z
771,480,749 Highland Way,,Bristol,WY,37115,US,Home,False,+16178889882,41.702341,-72.973851,Anthony Baker,2019-11-11T12:51:16Z,2025-03-22T12:51:16Z
772,481,2373 Forest Dr,,Fairview,NT,K3B 6P3,CA,Home,True,+17802050553,40.861041,-73.910801,Ahmed Chen,2018-03-29T06:57:33Z,2024-12-03T06:57:33Z
773,481,145 River Dr,,Fairview,NT,K3B 6P3,CA,Shipping,True,+17802050553,40.794899,-74.090645,Ahmed Chen,2019-01-23T06:57:33Z,2024-09-01T06:57:33Z
774,481,5641 Hill Blvd,,Springfield,NT,L3H 8J6,CA,Home,False,+17802050553,39.729948,-89.593849,Ahmed Chen,2020-08-10T06:57:33Z,2025-04-20T06:57:33Z
775,482,6141 Elm Ave,,Chester,SC,58752,US,Shipping,True,+17866770088,39.940671,-75.454127,Nancy Davis,2022-01-16T03:06:48Z,2023-01-17T03:06:48Z
776,482,228 Cedar Ln,Floor 32,Chester,SC,58752,US,Home,True,+12019730866,39.76171,-75.346427,Nancy Davis,2022-11-03T03:06:48Z,2023-03-29T03:06:48Z
777,483,9222 Oak Way,,Franklin,NH,83819,US,Shipping,True,+15128564251,35.890119,-86.956727,Margaret Hernandez,2024-06-22T10:43:00Z,2025-05-20T10:43:00Z
778,484,4977 Spring Dr,,North Las Vegas,NV,69318,US,Shipping,True,+17187418048,36.151855,-115.067716,Elena Lewis,2020-04-22T17:55:05Z,2024-06-30T17:55:05Z
779,484,8948 Market Ln,,North Las Vegas,NV,69318,US,Billing,True,+17187418048,36.197932,-115.144822,Elena Lewis,2019-05-03T17:55:05Z,2019-07-30T17:55:05Z
780,484,1693 Lincoln Blvd,,Las Vegas,NV,49228,US,Home,True,+17187418048,36.250724,-115.084474,Elena Lewis,2018-05-10T17:55:05Z,2025-04-21T17:55:05Z
781,485,3173 Wilson Dr,Suite 302,Richmond,BC,K6M 6B3,CA,Home,True,+19056872902,49.23656,-123.154777,Ana Jones,2025-10-05T06:15:13Z,2025-12-19T06:15:13Z
782,486,6578 Washington Ave,,Salem,RI,51032,US,Home,True,+19727042757,44.904698,-123.060761,Deborah White,2018-06-25T03:08:53Z,2019-03-20T03:08:53Z
783,487,6277 Cedar Blvd,,Franklin,MT,65515,US,Shipping,True,+15125971607,36.003171,-86.883755,Paul Lopez,2024-07-24T03:37:08Z,2025-03-15T03:37:08Z
784,487,8734 Hill Rd,,Clinton,MT,56377,US,Shipping,False,+15125971607,41.775243,-90.267521,Paul Lopez,2024-11-25T03:37:08Z,2025-03-22T03:37:08Z
785,488,122 Park Pl,,Madison,NS,G3C 9Y3,CA,Shipping,True,+17807270416,42.981389,-89.402658,Kenneth Gonzalez,2022-08-06T20:06:19Z,2025-10-25T20:06:19Z
786,488,2788 Lincoln Cir,,Madison,NS,G3C 9Y3,CA,Shipping,False,+17807270416,42.992155,-89.326679,Kenneth Gonzalez,2021-09-07T20:06:19Z,2022-08-12T20:06:19Z
787,489,6520 Forest Blvd,,Cleveland,OH,52026,US,Shipping,True,+17867960957,41.555084,-81.721917,Donna Kumar,2023-03-28T11:47:33Z,2023-11-04T11:47:33Z
788,490,9335 Lincoln Blvd,,Franklin,NU,Y7J 5H0,CA,Shipping,True,+16472333509,35.982712,-86.847803,Kenneth Mitchell,2020-06-15T05:11:55Z,2022-10-18T05:11:55Z
789,490,6530 Main Ln,,Franklin,NU,Y7J 5H0,CA,Shipping,False,+16049139390,35.990706,-86.958377,Kenneth Mitchell,2020-01-15T05:11:55Z,2024-02-02T05:11:55Z
790,490,4671 Franklin St,Suite 630,Riverside,NU,J9H 3H4,CA,Billing,True,+16049139390,33.968284,-117.447078,Kenneth Mitchell,2019-05-20T05:11:55Z,2020-06-06T05:11:55Z
791,491,7286 Market Blvd,,Georgetown,ND,11353,US,Shipping,True,+12016801999,38.244459,-84.618183,Timothy Smith,2017-09-20T14:31:42Z,2022-04-27T14:31:42Z
792,492,738 Hill Way,,Bristol,MS,65079,US,Shipping,True,+12125539907,41.666476,-72.87763,Aisha King,2017-02-05T06:45:06Z,2022-11-01T06:45:06Z
793,492,8101 Jefferson Cir,,Franklin,MS,83447,US,Shipping,False,+12125539907,35.833335,-86.93516,Aisha King,2017-10-07T06:45:06Z,2022-10-04T06:45:06Z
794,493,4362 Maple St,,Jacksonville,FL,83323,US,Shipping,True,+18188223663,30.232843,-81.687919,Elizabeth Petrov,2024-08-17T06:32:52Z,2025-11-07T06:32:52Z
795,494,6147 Maple Pl,,Madison,CT,39114,US,Shipping,True,+18056237831,43.141748,-89.308596,Paul Thompson,2024-03-28T18:38:01Z,2025-05-27T18:38:01Z
796,495,6309 Main Ln,,Riverside,OR,11453,US,Home,True,+18584584240,33.925968,-117.34562,Cynthia Taylor,2022-05-28T02:23:42Z,2022-08-04T02:23:42Z
797,495,7278 Hill Way,,Springfield,OR,97277,US,Home,False,+18584584240,39.760972,-89.621178,Cynthia Taylor,2021-10-18T02:23:42Z,2021-12-02T02:23:42Z
798,496,8253 Wilson Ct,,Chandler,AZ,71699,US,Home,True,+14156803661,33.211014,-111.772533,Jessica Moore,2025-06-11T18:41:17Z,2025-06-16T18:41:17Z
799,496,2278 Cedar Ct,#433,Chandler,AZ,71699,US,Billing,True,+14156803661,33.359168,-111.832287,Jessica Moore,2025-07-01T18:41:17Z,2025-12-22T18:41:17Z
800,497,5290 Wilson Dr,,Winston-Salem,NC,20497,US,Shipping,True,+16177123308,36.046576,-80.326113,Carlos Singh,2024-08-03T05:36:59Z,2025-11-14T05:36:59Z
801,497,6640 Lincoln Ln,Suite 736,Winston-Salem,NC,20497,US,Shipping,False,+19498848468,36.107012,-80.153464,Ronald Clark,2023-11-20T05:36:59Z,2024-02-17T05:36:59Z
802,498,890 Adams Blvd,,Fairview,KY,79533,US,Shipping,True,+14044277963,40.851348,-73.937795,Dorothy Hill,2016-09-08T09:22:49Z,2021-11-29T09:22:49Z
803,498,92 Church Way,,Clinton,KY,94567,US,Billing,True,+14044277963,41.87756,-90.219952,Dorothy Hill,2019-03-23T09:22:49Z,2025-09-22T09:22:49Z
804,499,2558 Market Ln,Apt 209,Aurora,CO,10193,US,Home,True,+12135810622,39.635618,-104.806079,Michael Wilson,2024-12-21T23:42:09Z,2025-09-12T23:42:09Z
805,500,1806 Elm Ct,,Franklin,PE,T5C 2S8,CA,Shipping,True,+14165548233,35.851586,-86.857406,Christopher Chen,2022-08-28T05:41:55Z,2023-05-28T05:41:55Z
806,500,931 Franklin Blvd,,Franklin,PE,T5C 2S8,CA,Shipping,False,+19057286618,35.959604,-86.792427,Christopher Chen,2021-12-15T05:41:55Z,2023-06-19T05:41:55Z
807,500,4147 River Pl,,Franklin,PE,T5C 2S8,CA,Home,True,+15144501957,36.005098,-86.952655,Christopher Chen,2021-03-14T05:41:55Z,2025-04-28T05:41:55Z
